1 24
1 1820
1 10626
1 534
1 9872
1 9894
1 3901
1 3032
1 1926
1 988
1 1685
1 3330
1 221
1 3361
1 5979
1 51
1 30
1 702
1 44
1 6035
1 468
1 9809
1 455
1 3541
1 4408
1 3195
1 5637
1 2164
1 6697
1 5250
1 2416
1 752
1 6791
1 1899
1 2049
1 3540
1 9576
1 955
1 1967
1 2546
1 453
1 9741
1 2678
1 5017
1 799
1 3644
1 4415
1 8989
1 1047
1 484
1 7272
1 2056
1 727
1 3138
1 6108
1 457
1 4362
1 1685
1 193
1 10599
1 707
1 1720
1 893
1 3335
1 909
1 8100
1 1508
1 4999
1 3214
1 8631
1 7584
1 366
1 2283
1 6884
1 3766
1 4864
1 2282
1 2448
1 4346
1 2010
1 462
1 10061
1 5877
1 7389
1 341
1 2160
1 450
1 8808
1 2577
1 1068
1 2559
1 9282
1 2051
1 2166
1 10090
1 4737
1 8410
1 2386
1 2526
1 7592
1 3578
1 308
1 6412
1 3148
1 7859
1 9825
1 7524
1 1679
1 2492
1 2160
1 3216
1 243
1 2462
1 10579
1 366
1 6900
1 1429
1 2648
1 2139
1 2739
1 4029
1 961
1 3917
1 3138
1 4636
1 7254
1 7654
1 6894
1 974
1 8033
1 201
1 7676
1 1520
1 364
1 8855
1 7673
1 4402
1 9102
1 813
1 8666
1 2990
1 5840
1 1993
1 491
1 435
1 2366
1 9300
1 1239
1 462
1 10101
1 2283
1 4346
1 7977
1 1329
1 988
1 3296
1 228
1 1206
1 24
1 4703
1 193
1 5839
1 2179
1 388
1 8
1 10699
1 9991
1 4329
1 7486
1 10312
1 4101
1 476
1 181
1 4617
1 9706
1 1631
1 37
1 2505
1 3783
1 258
1 3272
1 484
1 6253
1 3821
1 2246
1 3094
1 2238
1 1928
1 2465
1 44
1 8989
1 2112
1 9540
1 3123
1 6870
1 1193
1 9786
1 10143
1 10021
1 735
1 8821
1 4912
1 1678
1 302
1 6838
1 3164
1 2431
1 2173
1 2459
1 9614
1 5411
1 69
1 4751
1 9591
1 2682
1 1176
1 7573
1 5696
1 770
1 5696
1 431
1 3657
1 4960
1 3138
1 1774
1 1914
1 10274
1 8674
1 3959
1 727
1 5696
1 443
1 845
1 3231
1 9602
1 1566
1 311
1 2441
1 1855
1 8842
1 3286
1 2442
1 4394
1 5093
1 10196
1 6924
1 65
1 8065
1 325
1 2437
1 339
1 728
1 9181
1 3100
1 2052
1 3388
1 2286
1 44
1 928
1 3667
1 1682
1 1528
1 819
1 3132
1 3326
1 6250
1 7210
1 2173
1 5680
1 337
1 3296
1 709
1 9581
1 2928
1 64
1 2933
1 4521
1 5845
1 984
1 200
1 2328
1 2140
1 3324
1 3541
1 1774
1 450
1 7503
1 304
1 230
1 2429
1 2293
1 911
1 1863
1 493
1 492
1 294
1 773
1 4244
1 438
1 8057
1 279
1 10527
1 4087
1 4402
1 3010
1 3450
1 311
1 8855
1 5620
1 364
1 6463
1 4628
1 1522
1 4745
1 8923
1 484
1 2485
1 9123
1 5424
1 1899
1 8926
1 202
1 5210
1 9805
1 10174
1 746
1 2534
1 1675
1 8093
1 820
1 3868
1 44
1 2401
1 3634
1 4244
1 2294
1 5056
1 9392
1 1162
1 2710
1 7016
1 1268
1 890
1 734
1 8505
1 210
1 5360
1 862
1 3727
1 4227
1 10677
1 2160
1 7453
1 2519
1 880
1 2277
1 909
1 4668
1 3231
1 1176
1 330
1 8794
1 3669
1 354
1 1949
1 6020
1 1189
1 1458
1 476
1 280
1 412
1 62
1 7584
1 6853
1 498
1 1822
1 5621
1 1092
1 8731
1 5098
1 845
1 600
1 3338
1 4649
1 2482
1 7503
1 1896
1 3324
1 803
1 8662
1 2294
1 1954
1 2573
1 446
1 2431
1 785
1 534
1 365
1 42
1 372
1 5937
1 10298
1 3898
1 1592
1 4062
1 2485
1 742
1 8263
1 1063
1 1030
1 3361
1 4739
1 1013
1 8439
1 1302
1 2730
1 3164
1 476
1 30
1 3895
1 4232
1 9825
1 3326
1 1959
1 377
1 802
1 3825
1 3150
1 62
1 366
1 325
1 8504
1 319
1 2435
1 6702
1 728
1 135
1 8080
1 3988
1 304
1 8336
1 6515
1 5538
1 8629
1 74
1 3992
1 2388
1 1964
1 62
1 8923
1 3319
1 304
1 9787
1 517
1 8892
1 1780
1 175
1 2483
1 3539
1 364
1 3032
1 3072
1 215
1 425
1 3398
1 4145
1 5937
1 1684
1 1711
1 412
1 438
1 1137
1 1774
1 3138
1 1667
1 2428
1 3718
1 2415
1 1685
1 428
1 894
1 2562
1 8456
1 9653
1 2331
1 413
1 1358
1 10656
1 6179
1 226
1 2459
1 8521
1 5433
1 521
1 5839
1 492
1 903
1 119
1 7224
1 4869
1 3094
1 2985
1 240
1 2238
1 4668
1 1685
1 2238
1 5012
1 2310
1 364
1 24
1 983
1 831
1 330
1 6900
1 909
1 360
1 2675
1 4502
1 3214
1 2153
1 2054
1 2346
1 5142
1 3880
1 10578
1 10599
1 1709
1 450
1 10246
1 2985
1 2416
1 4366
1 3573
1 751
1 3138
1 8674
1 142
1 9611
1 181
1 4755
1 683
1 3335
1 6103
1 2918
1 2164
1 416
1 10308
1 908
1 813
1 1382
1 5417
1 813
1 1171
1 4340
1 5683
1 8387
1 134
1 9178
1 37
1 10649
1 1685
1 4823
1 6385
1 7693
1 2632
1 299
1 1688
1 364
1 3634
1 8742
1 5305
1 2677
1 1685
1 2144
1 5828
1 2399
1 157
1 2173
1 457
1 141
1 264
1 484
1 750
1 3809
1 4644
1 10633
1 8049
1 492
1 5368
1 2002
1 153
1 8650
1 2010
1 789
1 8706
1 2124
1 729
1 8498
1 2134
1 10272
1 906
1 9349
1 1568
1 818
1 850
1 906
1 8412
1 4243
1 3783
1 7941
1 6900
1 221
1 2449
1 1172
1 3580
1 8399
1 294
1 10384
1 3272
1 7601
1 4925
1 386
1 474
1 9863
1 457
1 1358
1 5852
1 2435
1 2465
1 244
1 2405
1 2502
1 1727
1 3330
1 4779
1 7772
1 7506
1 7252
1 4296
1 7860
1 448
1 5828
1 254
1 2562
1 534
1 460
1 1967
1 1486
1 5835
1 7025
1 313
1 493
1 3030
1 9556
1 1568
1 909
1 8717
1 311
1 3161
1 161
1 2345
1 94
1 468
1 5368
1 1271
1 4347
1 4398
1 6197
1 1458
1 819
1 9993
1 433
1 341
1 909
1 9153
1 7601
1 3335
1 813
1 5846
1 5831
1 7958
1 1902
1 4332
1 1634
1 425
1 2540
1 313
1 364
1 4741
1 4402
1 5847
1 7535
1 6066
1 535
1 3141
1 10808
1 8783
1 686
1 2946
1 4286
1 226
1 4872
1 3279
1 3206
1 824
1 1849
1 366
1 158
1 9620
1 6008
1 2425
1 3032
1 2040
1 289
1 306
1 9946
1 9724
1 1673
1 968
1 202
1 484
1 227
1 2139
1 201
1 4041
1 2325
1 734
1 2407
1 6180
1 308
1 8617
1 55
1 377
1 1501
1 296
1 9024
1 8083
1 5276
1 374
1 1044
1 4247
1 30
1 7025
1 2160
1 334
1 371
1 1667
1 1992
1 1884
1 4669
1 9215
1 1686
1 3349
1 7590
1 364
1 4224
1 3440
1 2283
1 5368
1 572
1 4489
1 5055
1 9870
1 87
1 3668
1 3131
1 985
1 9787
1 3300
1 3301
1 4087
1 117
1 3324
1 2541
1 2482
1 3771
1 2399
1 8370
1 3022
1 4878
1 148
1 5788
1 4445
1 382
1 9864
1 7886
1 2906
1 1233
1 704
1 1472
1 324
1 2004
1 5699
1 8457
1 2448
1 1904
1 30
1 1783
1 813
1 709
1 7506
1 6626
1 69
1 6098
1 2513
1 10787
1 4960
1 802
1 476
1 4247
1 7740
1 10188
1 858
1 4195
1 7192
1 125
1 1648
1 9612
1 10599
1 4247
1 114
1 4815
1 1684
1 30
1 908
1 7058
1 8706
1 6886
1 890
1 446
1 819
1 264
1 2127
1 202
1 337
1 3720
1 77
1 1970
1 1688
1 4822
1 4000
1 2429
1 1641
1 9121
1 8927
1 3313
1 441
1 8706
1 2071
1 989
1 2273
1 78
1 4234
1 3036
1 4088
1 1397
1 2325
1 3237
1 3464
1 4497
1 3286
1 1940
1 3105
1 9900
1 431
1 3741
1 776
1 1180
1 4644
1 3316
1 1976
1 4542
1 3334
1 2984
1 1068
1 2430
1 4926
1 10304
1 425
1 3725
1 8080
1 6394
1 3228
1 2208
1 9360
1 371
1 118
1 44
1 9260
1 3055
1 1690
1 3771
1 8614
1 10052
1 432
1 1935
1 1686
1 2328
1 1613
1 1090
1 1027
1 5572
1 1684
1 6253
1 3955
1 9828
1 709
1 729
1 5040
1 5447
1 9961
1 7402
1 244
1 2297
1 2465
1 7598
1 6352
1 1909
1 4684
1 1176
1 2437
1 171
1 1039
1 2993
1 64
1 4331
1 785
1 4928
1 786
1 7474
1 412
1 1898
1 3116
1 3565
1 3018
1 9518
1 2457
1 6252
1 171
1 2287
1 1648
1 4250
1 1068
1 3010
1 5675
1 5937
1 9534
1 4408
1 7532
1 2238
1 2177
1 8414
1 717
1 215
1 931
1 517
1 2956
1 4647
1 776
1 9130
1 866
1 4649
1 5643
1 8623
1 9069
1 491
1 3313
1 3323
1 1822
1 412
1 4250
1 3344
1 1946
1 2992
1 148
1 10767
1 3469
1 3448
1 87
1 311
1 322
1 4497
1 3781
1 7542
1 154
1 45
1 24
1 9024
1 906
1 10600
1 8629
1 9523
1 7008
1 2618
1 5247
1 10146
1 820
1 6626
1 62
1 1690
1 9828
1 5611
1 2472
1 9789
1 777
1 713
1 2376
1 8412
1 1959
1 8431
1 3545
1 4318
1 202
1 723
1 1317
1 8629
1 3330
1 5388
1 7813
1 30
1 450
1 735
1 476
1 1596
1 940
1 355
1 448
1 1709
1 374
1 4521
1 4029
1 2325
1 7779
1 1685
1 868
1 3960
1 202
1 3598
1 3127
1 3272
1 9348
1 786
1 1945
1 3286
1 2179
1 9351
1 7658
1 7229
1 8650
1 3368
1 961
1 7463
1 181
1 1686
1 778
1 1774
1 62
1 2427
1 5199
1 154
1 9181
1 8669
1 994
1 10703
1 4877
1 5340
1 2565
1 961
1 190
1 776
1 9803
1 8515
1 4235
1 2413
1 2386
1 3136
1 1718
1 2348
1 6008
1 2874
1 3930
1 6789
1 2918
1 481
1 3794
1 2986
1 1685
1 9826
1 1985
1 264
1 3777
1 1531
1 221
1 158
1 2414
1 3902
1 55
1 1934
1 772
1 2487
1 62
1 988
1 2054
1 2111
1 2566
1 2448
1 2231
1 10170
1 9900
1 1822
1 1290
1 10265
1 4622
1 490
1 10453
1 4009
1 748
1 1171
1 2069
1 2589
1 2600
1 9519
1 3932
1 3859
1 3657
1 3247
1 7770
1 2401
1 10204
1 4620
1 818
1 2601
1 966
1 7693
1 3501
1 1003
1 1686
1 881
1 9121
1 273
1 8445
1 744
1 2179
1 2552
1 202
1 4744
1 30
1 1609
1 8623
1 285
1 834
1 76
1 2111
1 4156
1 3100
1 2837
1 979
1 4242
1 10257
1 5840
1 2048
1 6194
1 8945
1 9702
1 1158
1 4578
1 1877
1 4268
1 2499
1 2350
1 1566
1 8706
1 4016
1 3100
1 227
1 8076
1 8432
1 7785
1 65
1 1452
1 71
1 1967
1 10270
1 2615
1 2986
1 4031
1 9604
1 441
1 4521
1 744
1 8324
1 450
1 4362
1 5460
1 4201
1 5097
1 7261
1 7228
1 3105
1 446
1 1685
1 2540
1 909
1 450
1 9946
1 7245
1 448
1 984
1 3600
1 3652
1 5839
1 2395
1 3325
1 3781
1 439
1 476
1 2992
1 642
1 1524
1 3313
1 4408
1 3767
1 5696
1 4368
1 2764
1 8092
1 5349
1 4649
1 353
1 8428
1 9620
1 1882
1 819
1 1924
1 8403
1 337
1 2412
1 3247
1 3105
1 4204
1 858
1 801
1 2344
1 7200
1 7489
1 2482
1 9139
1 2442
1 311
1 9993
1 2534
1 9121
1 1189
1 3374
1 6014
1 4520
1 425
1 7034
1 8414
1 2405
1 770
1 7102
1 1583
1 1991
1 2283
1 3100
1 2427
1 991
1 2485
1 8650
1 9828
1 6892
1 10100
1 3692
1 8856
1 3197
1 1992
1 2425
1 364
1 845
1 289
1 5828
1 2467
1 1590
1 201
1 1090
1 4585
1 3256
1 1176
1 2526
1 9356
1 9744
1 8412
1 7474
1 820
1 163
1 3879
1 79
1 364
1 2559
1 433
1 9729
1 300
1 9897
1 412
1 1189
1 491
1 1286
1 3272
1 4335
1 354
1 2395
1 3159
1 7499
1 2461
1 355
1 2140
1 4781
1 8923
1 3878
1 200
1 1233
1 802
1 3398
1 45
1 5017
1 80
1 2442
1 1902
1 7511
1 8989
1 7035
1 3293
1 4422
1 164
1 862
1 2435
1 6966
1 8430
1 5693
1 2004
1 784
1 468
1 7225
1 2428
1 9654
1 2631
1 860
1 7506
1 1898
1 4349
1 4919
1 1651
1 1047
1 9025
1 5655
1 10242
1 6364
1 7487
1 446
1 3919
1 5696
1 1510
1 5400
1 7673
1 1568
1 3568
1 3206
1 911
1 3864
1 9121
1 9350
1 5843
1 202
1 131
1 312
1 4156
1 2572
1 2485
1 7782
1 1141
1 3131
1 7492
1 476
1 732
1 9814
1 890
1 8353
1 67
1 313
1 9653
1 8450
1 776
1 2455
1 988
1 424
1 1613
1 7864
1 5368
1 388
1 22
1 128
1 804
1 8457
1 6098
1 2459
1 3079
1 3123
1 7602
1 3264
1 442
1 5819
1 5313
1 7591
1 1149
1 3428
1 8436
1 9678
1 4087
1 6877
1 2234
1 4267
1 5825
1 4669
1 7584
1 592
1 4524
1 3824
1 76
1 10391
1 2457
1 1416
1 3105
1 3335
1 441
1 8100
1 2744
1 3105
1 10310
1 8320
1 2485
1 249
1 2673
1 456
1 8487
1 1532
1 4955
1 7770
1 3313
1 2036
1 1850
1 4335
1 3822
1 956
1 1857
1 3880
1 1686
1 770
1 3030
1 3482
1 3158
1 9308
1 5786
1 4772
1 8761
1 7267
1 2419
1 8040
1 9250
1 4520
1 160
1 2991
1 1121
1 3191
1 481
1 1694
1 2448
1 2426
1 10278
1 787
1 9269
1 858
1 3210
1 341
1 2995
1 4960
1 767
1 3695
1 335
1 727
1 2542
1 5656
1 2470
1 6071
1 2395
1 2103
1 1142
1 1202
1 9244
1 3543
1 2534
1 3192
1 2426
1 4734
1 3294
1 2515
1 1954
1 4257
1 5333
1 841
1 254
1 7693
1 1158
1 2165
1 380
1 2554
1 8720
1 8298
1 3065
1 10295
1 8383
1 9894
1 5132
1 7673
1 6330
1 5937
1 718
1 10305
1 69
1 10767
1 7534
1 5937
1 6364
1 2295
1 3438
1 289
1 6520
1 1857
1 3313
1 4247
1 7293
1 5156
1 412
1 4223
1 9145
1 3462
1 2509
1 849
1 4548
1 364
1 5937
1 4232
1 1484
1 2109
1 4705
1 4632
1 3796
1 5434
1 76
1 1963
1 4750
1 6994
1 8857
1 928
1 1673
1 184
1 2176
1 3035
1 802
1 4233
1 10520
1 1714
1 1090
1 10143
1 4016
1 2011
1 8923
1 3601
1 1637
1 433
1 131
1 433
1 595
1 2533
1 7267
1 1613
1 3296
1 1897
1 212
1 4350
1 893
1 2405
1 8639
1 5122
1 3477
1 3150
1 2002
1 4431
1 10767
1 5643
1 3136
1 3401
1 8455
1 772
1 9121
1 10653
1 2710
1 3300
1 1565
1 9789
1 724
1 2144
1 775
1 36
1 818
1 44
1 425
1 740
1 4776
1 3451
1 8546
1 535
1 474
1 3397
1 988
1 1185
1 464
1 887
1 3692
1 3458
1 3781
1 1684
1 30
1 2546
1 8477
1 30
1 4040
1 2294
1 313
1 10257
1 4823
1 5686
1 927
1 8272
1 6894
1 3197
1 2615
1 1484
1 3361
1 30
1 818
1 481
1 1806
1 3272
1 2163
1 4734
1 484
1 2431
1 887
1 2427
1 6081
1 845
1 490
1 9991
1 167
1 4346
1 306
1 2946
1 5276
1 858
1 2546
1 884
1 2590
1 515
1 6697
1 782
1 24
1 76
1 492
1 1458
1 1935
1 1717
1 448
1 8416
1 37
1 3434
1 8455
1 71
1 6846
1 777
1 323
1 468
1 1850
1 1686
1 2428
1 43
1 862
1 4866
1 3988
1 4235
1 47
1 3129
1 3956
1 450
1 2970
1 746
1 6538
1 3094
1 752
1 37
1 1068
1 355
1 1158
1 709
1 3731
1 3401
1 1989
1 3597
1 8761
1 8438
1 5847
1 5937
1 802
1 291
1 215
1 3256
1 1610
1 5526
1 8894
1 2069
1 7597
1 30
1 490
1 365
1 2071
1 954
1 3669
1 995
1 1583
1 68
1 8636
1 4244
1 5846
1 2521
1 709
1 5385
1 3440
1 65
1 446
1 280
1 3272
1 8144
1 1980
1 2452
1 4260
1 714
1 330
1 171
1 5767
1 2144
1 1176
1 443
1 2041
1 8811
1 8702
1 2990
1 328
1 450
1 7775
1 2991
1 3684
1 1956
1 3823
1 3233
1 337
1 9236
1 5093
1 7601
1 887
1 1605
1 3195
1 407
1 8451
1 830
1 228
1 4007
1 29
1 4539
1 3272
1 7260
1 9875
1 1671
1 10599
1 3444
1 8623
1 300
1 1119
1 2423
1 2294
1 3542
1 6848
1 9704
1 4346
1 2504
1 3823
1 9534
1 438
1 2344
1 1940
1 43
1 1895
1 4422
1 1940
1 1901
1 865
1 10257
1 2463
1 785
1 5118
1 6080
1 1114
1 2429
1 806
1 336
1 62
1 8092
1 5696
1 3838
1 5156
1 295
1 302
1 345
1 717
1 201
1 9300
1 2594
1 380
1 493
1 9089
1 4304
1 1510
1 1779
1 903
1 3915
1 862
1 442
1 450
1 2436
1 230
1 131
1 256
1 201
1 4350
1 3857
1 30
1 7656
1 4632
1 8449
1 2290
1 1637
1 1097
1 2053
1 6848
1 2995
1 8631
1 8012
1 54
1 490
1 3781
1 715
1 1630
1 5367
1 8737
1 364
1 1943
1 6520
1 2991
1 3255
1 6360
1 55
1 3191
1 3776
1 5516
1 8066
1 3148
1 75
1 988
1 2730
1 30
1 8281
1 845
1 9825
1 6094
1 181
1 2407
1 391
1 1590
1 3602
1 709
1 4332
1 7640
1 133
1 7938
1 4924
1 476
1 299
1 5538
1 3481
1 1142
1 10772
1 3554
1 4733
1 1090
1 5034
1 2294
1 6634
1 8536
1 9613
1 202
1 3669
1 9521
1 1399
1 9140
1 4725
1 9121
1 830
1 441
1 5702
1 2160
1 357
1 7415
1 1727
1 491
1 3141
1 8636
1 712
1 3603
1 427
1 9875
1 9026
1 3197
1 8211
1 2405
1 7489
1 7762
1 457
1 8083
1 2290
1 2312
1 10265
1 4878
1 3335
1 3915
1 1679
1 6033
1 10325
1 2174
1 1244
1 312
1 4866
1 853
1 281
1 1684
1 364
1 3838
1 858
1 2511
1 9847
1 10656
1 3742
1 5420
1 3286
1 2238
1 8639
1 8677
1 1684
1 10116
1 3272
1 5828
1 148
1 751
1 955
1 1967
1 9612
1 3158
1 8388
1 1820
1 2991
1 7886
1 3210
1 1189
1 10023
1 858
1 1317
1 2405
1 9828
1 2991
1 442
1 8488
1 4368
1 3096
1 1985
1 10564
1 890
1 854
1 4422
1 203
1 984
1 816
1 7564
1 4865
1 1505
1 1047
1 2494
1 2378
1 3207
1 88
1 4131
1 50
1 2401
1 49
1 3535
1 1585
1 212
1 8022
1 598
1 4059
1 6626
1 37
1 1857
1 3458
1 8483
1 9121
1 1684
1 890
1 2328
1 820
1 3216
1 709
1 8414
1 457
1 806
1 2475
1 4987
1 2420
1 10195
1 3276
1 715
1 4329
1 319
1 1830
1 867
1 2069
1 1501
1 7784
1 7668
1 10109
1 891
1 3296
1 2421
1 6900
1 8326
1 7487
1 1391
1 830
1 6368
1 2264
1 2135
1 492
1 8419
1 3717
1 1068
1 9081
1 221
1 8476
1 1244
1 3781
1 3992
1 816
1 680
1 8144
1 1683
1 1600
1 9133
1 1684
1 724
1 3313
1 2297
1 2327
1 5409
1 5276
1 46
1 5492
1 5683
1 493
1 3960
1 9895
1 8402
1 5463
1 7052
1 255
1 10293
1 8341
1 2504
1 4267
1 7197
1 388
1 8742
1 304
1 9881
1 411
1 8272
1 1678
1 1694
1 3419
1 3160
1 2235
1 1967
1 1899
1 3301
1 10209
1 289
1 8451
1 775
1 10599
1 2376
1 5845
1 197
1 5424
1 1508
1 734
1 9262
1 3917
1 2541
1 9244
1 6538
1 2526
1 10130
1 364
1 5834
1 9526
1 5994
1 881
1 2054
1 1631
1 9121
1 5649
1 10208
1 711
1 10269
1 264
1 313
1 2286
1 960
1 737
1 3860
1 1685
1 3334
1 4743
1 3558
1 3987
1 806
1 3383
1 30
1 4197
1 4855
1 1779
1 10527
1 8171
1 5575
1 4246
1 6221
1 911
1 8763
1 125
1 855
1 3036
1 6033
1 220
1 6360
1 4866
1 956
1 2405
1 2141
1 464
1 7210
1 10100
1 135
1 1458
1 1639
1 7673
1 2325
1 2414
1 339
1 3318
1 87
1 4184
1 460
1 8472
1 1190
1 5339
1 3057
1 2160
1 201
1 8678
1 6725
1 8083
1 9590
1 2124
1 1189
1 3535
1 9083
1 285
1 906
1 5424
1 9348
1 4246
1 5845
1 1779
1 354
1 927
1 8923
1 3300
1 5385
1 1806
1 8465
1 8788
1 2485
1 8736
1 9607
1 4743
1 244
1 157
1 4353
1 2160
1 3333
1 3272
1 304
1 5621
1 1682
1 9244
1 46
1 8365
1 3302
1 2139
1 398
1 860
1 4079
1 2540
1 1223
1 4084
1 777
1 2429
1 2386
1 8560
1 6885
1 2388
1 442
1 7584
1 879
1 3502
1 5336
1 4644
1 468
1 3106
1 729
1 2386
1 1441
1 8430
1 6038
1 8451
1 8039
1 755
1 304
1 858
1 2679
1 3568
1 1444
1 709
1 4737
1 2177
1 433
1 2551
1 781
1 7534
1 3822
1 9300
1 6077
1 2381
1 10294
1 9180
1 2238
1 484
1 1397
1 1206
1 10133
1 3600
1 914
1 2459
1 3464
1 2452
1 943
1 5435
1 3809
1 450
1 6747
1 8413
1 3192
1 8428
1 54
1 7184
1 2238
1 8422
1 1468
1 9178
1 1992
1 927
1 4823
1 1679
1 10599
1 2435
1 2103
1 1774
1 1613
1 134
1 9260
1 4333
1 1208
1 7018
1 2238
1 3721
1 3386
1 4246
1 7941
1 9799
1 484
1 450
1 890
1 2130
1 364
1 446
1 442
1 10242
1 1003
1 7585
1 772
1 2288
1 3138
1 887
1 8677
1 2049
1 6640
1 1037
1 416
1 6008
1 2465
1 4869
1 7598
1 2928
1 709
1 434
1 7586
1 4924
1 301
1 4032
1 30
1 5673
1 5153
1 6470
1 4734
1 9925
1 9027
1 1176
1 9585
1 1458
1 1727
1 10250
1 484
1 435
1 54
1 1555
1 491
1 2152
1 5683
1 6792
1 7596
1 739
1 1774
1 7486
1 9181
1 484
1 6094
1 779
1 4402
1 194
1 5576
1 4145
1 9590
1 3303
1 3434
1 3361
1 6247
1 8638
1 185
1 8370
1 5852
1 10257
1 3335
1 7041
1 206
1 5094
1 2401
1 6504
1 600
1 9184
1 364
1 3032
1 4548
1 3590
1 8039
1 734
1 8926
1 868
1 8468
1 9903
1 1490
1 5959
1 215
1 2344
1 8923
1 1385
1 894
1 330
1 830
1 360
1 2048
1 468
1 6106
1 5845
1 4734
1 3409
1 8622
1 715
1 4872
1 4258
1 364
1 279
1 450
1 2644
1 2382
1 10295
1 4131
1 399
1 5433
1 295
1 9871
1 10656
1 709
1 299
1 8579
1 8301
1 1650
1 880
1 7724
1 909
1 7583
1 692
1 366
1 9236
1 715
1 1466
1 9348
1 6894
1 9828
1 8124
1 1627
1 6894
1 5878
1 427
1 2367
1 76
1 9847
1 8465
1 8927
1 490
1 4874
1 1684
1 8436
1 1774
1 2501
1 3561
1 6877
1 2991
1 6775
1 212
1 1176
1 3074
1 117
1 355
1 7227
1 151
1 3549
1 7813
1 44
1 311
1 3821
1 4402
1 2120
1 476
1 10171
1 7673
1 2241
1 4246
1 3669
1 476
1 2934
1 72
1 10657
1 908
1 4729
1 8106
1 490
1 4737
1 9650
1 2471
1 492
1 2124
1 69
1 1959
1 5452
1 6490
1 723
1 433
1 294
1 3262
1 3451
1 256
1 2570
1 450
1 2631
1 3603
1 6035
1 355
1 4756
1 336
1 9590
1 2423
1 4409
1 890
1 8113
1 871
1 388
1 30
1 3125
1 1960
1 468
1 3301
1 3226
1 171
1 7972
1 2283
1 10498
1 2618
1 341
1 248
1 5972
1 955
1 1952
1 1995
1 4997
1 8359
1 1176
1 908
1 2004
1 2525
1 2485
1 2441
1 2362
1 3654
1 9521
1 6663
1 5287
1 4029
1 9028
1 7567
1 2395
1 364
1 2552
1 3358
1 8581
1 3316
1 8787
1 8988
1 7267
1 448
1 1630
1 7861
1 839
1 8988
1 709
1 6732
1 3590
1 860
1 2441
1 7673
1 1171
1 3587
1 3038
1 1236
1 494
1 457
1 5517
1 10175
1 5850
1 3930
1 1963
1 8373
1 8855
1 1555
1 388
1 3214
1 928
1 2462
1 2509
1 7418
1 1774
1 7040
1 7009
1 5828
1 2328
1 2172
1 1783
1 2420
1 2825
1 476
1 8444
1 171
1 2109
1 9984
1 2551
1 1113
1 7432
1 315
1 3376
1 5673
1 2565
1 365
1 1635
1 2983
1 10276
1 4813
1 227
1 10040
1 961
1 7694
1 10146
1 1090
1 10391
1 492
1 3247
1 4072
1 1028
1 1991
1 3126
1 2070
1 3372
1 2386
1 1897
1 4751
1 69
1 8690
1 4752
1 862
1 2069
1 1979
1 1583
1 3247
1 3103
1 9578
1 1653
1 3742
1 1061
1 2405
1 4385
1 3600
1 335
1 7536
1 221
1 2425
1 2582
1 1692
1 2351
1 9031
1 323
1 9341
1 1629
1 6490
1 777
1 3061
1 4743
1 5806
1 6552
1 3100
1 4402
1 4383
1 2288
1 521
1 152
1 4269
1 3960
1 5680
1 2455
1 5673
1 221
1 4703
1 6894
1 2464
1 5122
1 4955
1 398
1 991
1 313
1 457
1 7031
1 364
1 5621
1 8743
1 9130
1 10242
1 337
1 5785
1 889
1 1971
1 2509
1 4396
1 9352
1 4988
1 2431
1 984
1 1670
1 2341
1 468
1 4084
1 2463
1 268
1 927
1 200
1 2327
1 1310
1 8331
1 3501
1 2461
1 819
1 4067
1 2175
1 1283
1 7411
1 304
1 9026
1 7016
1 10272
1 906
1 907
1 2286
1 5018
1 3330
1 10719
1 2009
1 5649
1 6071
1 2555
1 7198
1 813
1 2485
1 10763
1 5576
1 1934
1 954
1 3272
1 335
1 8651
1 1097
1 10312
1 8459
1 2764
1 9836
1 3153
1 2455
1 1397
1 5680
1 7662
1 175
1 9236
1 8343
1 5132
1 707
1 8923
1 391
1 8545
1 3303
1 1592
1 10298
1 9592
1 455
1 2487
1 148
1 4753
1 1193
1 6276
1 3263
1 443
1 228
1 298
1 65
1 481
1 3845
1 712
1 1667
1 35
1 319
1 7506
1 2153
1 2441
1 364
1 9801
1 7058
1 1685
1 7013
1 985
1 2379
1 5696
1 2241
1 8706
1 983
1 412
1 492
1 2441
1 9121
1 4236
1 445
1 227
1 7592
1 3567
1 7016
1 1532
1 8631
1 9917
1 2326
1 2552
1 1613
1 8430
1 398
1 8456
1 9356
1 1631
1 351
1 2927
1 1709
1 844
1 7693
1 3603
1 2286
1 709
1 8455
1 3087
1 7601
1 483
1 1899
1 1627
1 979
1 3431
1 1961
1 2409
1 2145
1 7279
1 8923
1 5447
1 906
1 7653
1 728
1 8272
1 5937
1 3059
1 10208
1 1967
1 2983
1 311
1 9114
1 7143
1 2327
1 7787
1 1329
1 988
1 457
1 8690
1 391
1 3247
1 484
1 6635
1 124
1 2096
1 448
1 2448
1 335
1 8462
1 8560
1 2405
1 1329
1 3318
1 492
1 8207
1 8413
1 490
1 1030
1 8989
1 4235
1 5852
1 132
1 5093
1 813
1 7818
1 2934
1 4628
1 3623
1 3296
1 8386
1 2385
1 1685
1 1849
1 6510
1 3197
1 2573
1 10203
1 8648
1 4456
1 3365
1 1358
1 7896
1 3069
1 4402
1 772
1 994
1 3003
1 9158
1 862
1 3850
1 3695
1 468
1 148
1 3105
1 9214
1 2967
1 2160
1 7245
1 4743
1 2348
1 135
1 10052
1 8100
1 2459
1 3915
1 6845
1 9591
1 2109
1 228
1 3345
1 8452
1 711
1 6628
1 441
1 3233
1 2707
1 4166
1 3229
1 1688
1 8084
1 3575
1 5621
1 2460
1 7432
1 1162
1 869
1 1796
1 819
1 10709
1 4335
1 2415
1 10170
1 2162
1 1458
1 3763
1 746
1 71
1 4159
1 7532
1 818
1 71
1 1641
1 223
1 4760
1 2617
1 8692
1 9802
1 2419
1 3476
1 189
1 2158
1 2177
1 4568
1 802
1 9901
1 3725
1 1783
1 4087
1 484
1 10218
1 22
1 44
1 416
1 7584
1 3868
1 8
1 3159
1 8703
1 2316
1 4342
1 1976
1 1872
1 5919
1 2112
1 3592
1 927
1 730
1 1501
1 3390
1 786
1 2472
1 6368
1 8677
1 9810
1 6706
1 3256
1 3872
1 262
1 1675
1 600
1 494
1 3466
1 1286
1 1185
1 203
1 2990
1 7583
1 3656
1 10783
1 2588
1 8814
1 448
1 2442
1 4521
1 5333
1 3565
1 484
1 9303
1 3300
1 8164
1 5696
1 266
1 7602
1 880
1 7273
1 3027
1 4361
1 748
1 1613
1 429
1 200
1 2287
1 433
1 8419
1 9966
1 46
1 5625
1 2341
1 7224
1 789
1 2360
1 8793
1 6697
1 201
1 5696
1 1583
1 10172
1 222
1 2069
1 263
1 572
1 5055
1 4912
1 1688
1 1690
1 8640
1 1686
1 2764
1 7598
1 30
1 10709
1 6358
1 6907
1 2158
1 4815
1 128
1 740
1 446
1 2928
1 906
1 1651
1 4755
1 2281
1 7694
1 364
1 3036
1 1520
1 472
1 1613
1 1458
1 2502
1 2294
1 450
1 2012
1 839
1 492
1 9936
1 3315
1 215
1 5674
1 1942
1 3388
1 6972
1 1391
1 1346
1 858
1 772
1 131
1 8702
1 5611
1 709
1 955
1 786
1 490
1 4630
1 1467
1 9790
1 2930
1 5825
1 3810
1 1685
1 6330
1 7570
1 3335
1 4919
1 4704
1 1933
1 8036
1 343
1 8482
1 7252
1 8617
1 111
1 2423
1 1872
1 9240
1 1645
1 24
1 529
1 2933
1 717
1 427
1 226
1 3779
1 6358
1 3657
1 224
1 2111
1 1952
1 323
1 4960
1 366
1 8439
1 3781
1 864
1 433
1 167
1 10280
1 222
1 2448
1 2176
1 10619
1 45
1 7252
1 487
1 2675
1 224
1 446
1 3549
1 2320
1 5409
1 1375
1 4269
1 474
1 9180
1 1019
1 4402
1 2172
1 7261
1 3130
1 960
1 7040
1 1933
1 1679
1 1727
1 7567
1 476
1 10192
1 9141
1 1613
1 10220
1 8172
1 1555
1 7187
1 3718
1 2278
1 2265
1 65
1 723
1 9828
1 2434
1 5944
1 171
1 5576
1 5736
1 6848
1 5621
1 927
1 7601
1 158
1 994
1 2077
1 8415
1 3541
1 398
1 4030
1 3563
1 3380
1 484
1 782
1 6330
1 3865
1 315
1 718
1 9658
1 1459
1 2427
1 4029
1 3853
1 77
1 1188
1 749
1 4696
1 4866
1 746
1 1597
1 3290
1 1130
1 2984
1 9789
1 3250
1 9545
1 2160
1 5581
1 2543
1 8036
1 2559
1 5410
1 8656
1 4279
1 4346
1 858
1 1313
1 1975
1 212
1 174
1 1342
1 1097
1 9806
1 985
1 1670
1 9816
1 2904
1 851
1 329
1 443
1 9924
1 1090
1 3489
1 455
1 2974
1 8093
1 750
1 2904
1 1791
1 1453
1 4275
1 2281
1 1204
1 8667
1 2415
1 8481
1 1684
1 2050
1 9604
1 6877
1 3132
1 4059
1 863
1 8537
1 2328
1 5621
1 8456
1 2326
1 3960
1 8488
1 1171
1 862
1 8057
1 2297
1 4987
1 9146
1 4737
1 3740
1 2139
1 6702
1 135
1 2611
1 7661
1 491
1 1783
1 9828
1 5680
1 1527
1 10009
1 2177
1 4870
1 1774
1 2601
1 1028
1 744
1 1780
1 5696
1 49
1 9549
1 3293
1 984
1 772
1 572
1 3725
1 468
1 789
1 2288
1 351
1 2463
1 7009
1 8624
1 435
1 786
1 5852
1 7597
1 432
1 6423
1 4000
1 712
1 8432
1 2131
1 1952
1 2160
1 2143
1 2667
1 9683
1 461
1 4152
1 5517
1 2058
1 2540
1 802
1 5937
1 819
1 8432
1 7267
1 8545
1 2278
1 4417
1 4491
1 2381
1 2401
1 858
1 862
1 491
1 7474
1 2308
1 8210
1 8512
1 446
1 1811
1 5400
1 366
1 461
1 1097
1 2600
1 131
1 10292
1 4332
1 5515
1 433
1 68
1 9215
1 2284
1 3896
1 7584
1 4305
1 2124
1 10572
1 709
1 1555
1 1684
1 7542
1 335
1 8080
1 491
1 2353
1 891
1 5476
1 4878
1 10216
1 4640
1 364
1 1232
1 9726
1 5828
1 1818
1 5121
1 7194
1 3030
1 752
1 8374
1 7255
1 1679
1 191
1 3338
1 6626
1 450
1 3574
1 9963
1 3222
1 3579
1 4866
1 4866
1 1636
1 7602
1 1068
1 323
1 4316
1 4402
1 201
1 709
1 5784
1 8430
1 4958
1 3061
1 3159
1 8087
1 9600
1 1679
1 2262
1 867
1 224
1 452
1 9581
1 5511
1 462
1 8209
1 1949
1 9696
1 7535
1 413
1 3100
1 3335
1 2429
1 384
1 4787
1 4402
1 185
1 474
1 9464
1 4398
1 476
1 3440
1 1204
1 159
1 177
1 1113
1 3722
1 2504
1 3252
1 2071
1 90
1 4269
1 8545
1 1790
1 8414
1 3503
1 468
1 7673
1 5401
1 8772
1 3197
1 1302
1 709
1 2010
1 3692
1 3272
1 430
1 8264
1 6498
1 704
1 8403
1 6637
1 853
1 9525
1 1527
1 6747
1 941
1 5517
1 3036
1 4250
1 214
1 1830
1 2467
1 2069
1 154
1 8632
1 9121
1 3381
1 750
1 3300
1 1633
1 8017
1 289
1 4333
1 3510
1 3845
1 3549
1 2073
1 8627
1 2437
1 5625
1 8050
1 1185
1 736
1 10348
1 7172
1 592
1 735
1 6892
1 374
1 8405
1 7053
1 3319
1 457
1 1068
1 9525
1 3138
1 2054
1 7693
1 981
1 226
1 6877
1 133
1 487
1 7102
1 3037
1 330
1 6886
1 820
1 534
1 2485
1 8702
1 73
1 364
1 8446
1 7673
1 1759
1 813
1 7099
1 6876
1 3105
1 468
1 7041
1 4402
1 10732
1 1934
1 319
1 4823
1 148
1 5476
1 10192
1 478
1 865
1 468
1 6507
1 9184
1 6014
1 392
1 845
1 457
1 10074
1 1068
1 4333
1 3303
1 4729
1 7548
1 3335
1 433
1 1185
1 3447
1 7938
1 1284
1 3554
1 3485
1 10065
1 8437
1 3657
1 7769
1 4316
1 8113
1 1648
1 3717
1 6064
1 9863
1 1176
1 4088
1 1097
1 2422
1 744
1 1206
1 4409
1 994
1 1820
1 1902
1 925
1 446
1 1085
1 6349
1 1642
1 3138
1 799
1 351
1 2986
1 9390
1 8387
1 3338
1 3444
1 7601
1 6106
1 7391
1 988
1 1963
1 337
1 2465
1 400
1 1176
1 249
1 448
1 5575
1 2460
1 968
1 8692
1 10170
1 486
1 1585
1 2290
1 4150
1 4231
1 1774
1 3138
1 2578
1 7691
1 9828
1 4332
1 3252
1 1686
1 1046
1 1806
1 5155
1 148
1 1633
1 8365
1 7674
1 5645
1 891
1 8742
1 5571
1 6181
1 3138
1 1420
1 315
1 4877
1 534
1 4810
1 1121
1 461
1 8158
1 6823
1 1972
1 3034
1 221
1 2069
1 8923
1 8251
1 3720
1 441
1 2566
1 7567
1 1394
1 5688
1 3319
1 2107
1 9031
1 4409
1 443
1 1684
1 4991
1 3003
1 194
1 819
1 9523
1 10436
1 6779
1 264
1 5513
1 9961
1 6892
1 8199
1 2483
1 9744
1 412
1 6008
1 484
1 853
1 2478
1 78
1 1907
1 64
1 6278
1 468
1 746
1 10061
1 313
1 3766
1 289
1 4781
1 4037
1 439
1 6900
1 2463
1 1185
1 2425
1 5476
1 1955
1 6103
1 5702
1 76
1 5699
1 2501
1 364
1 3091
1 468
1 820
1 3138
1 9351
1 433
1 364
1 8084
1 9352
1 10799
1 398
1 1176
1 485
1 2391
1 3429
1 4167
1 10201
1 894
1 1967
1 9793
1 5313
1 6247
1 4521
1 1455
1 476
1 855
1 2297
1 481
1 3036
1 2671
1 175
1 8667
1 5433
1 152
1 4981
1 3032
1 2385
1 5846
1 4080
1 2735
1 3062
1 9961
1 4866
1 721
1 4234
1 44
1 2160
1 3296
1 3037
1 9520
1 7016
1 3457
1 4409
1 9580
1 3822
1 3105
1 3493
1 9816
1 3456
1 1176
1 2281
1 412
1 3992
1 8412
1 2273
1 1934
1 3302
1 818
1 1690
1 4869
1 3567
1 9121
1 4644
1 3148
1 7673
1 3105
1 8437
1 9789
1 6179
1 280
1 2160
1 62
1 3568
1 2147
1 9356
1 2238
1 9870
1 3138
1 6277
1 6470
1 1774
1 1675
1 1466
1 3601
1 9825
1 1613
1 196
1 10092
1 4865
1 7648
1 10699
1 468
1 476
1 1468
1 8706
1 751
1 1590
1 3911
1 476
1 4823
1 5052
1 377
1 163
1 3313
1 2425
1 366
1 1568
1 2290
1 1639
1 8581
1 42
1 6792
1 1686
1 2160
1 8923
1 9360
1 3030
1 4673
1 2671
1 2144
1 4535
1 2485
1 1791
1 2070
1 37
1 30
1 3411
1 9122
1 1902
1 813
1 2460
1 274
1 7896
1 9356
1 153
1 721
1 10257
1 845
1 2419
1 2052
1 5113
1 3494
1 4875
1 4960
1 3123
1 72
1 3639
1 30
1 442
1 1204
1 3912
1 1902
1 1963
1 172
1 48
1 9145
1 3384
1 7099
1 1185
1 7583
1 2409
1 6413
1 484
1 1685
1 7058
1 1058
1 3880
1 2205
1 6085
1 364
1 2413
1 878
1 2707
1 5098
1 5086
1 4318
1 931
1 434
1 2514
1 24
1 6779
1 9587
1 2326
1 66
1 9592
1 3482
1 4244
1 3326
1 174
1 2431
1 8925
1 6775
1 2103
1 3197
1 7775
1 2471
1 4924
1 3204
1 906
1 1064
1 2989
1 1897
1 894
1 904
1 5820
1 7489
1 4751
1 8213
1 2440
1 1684
1 4878
1 3934
1 2349
1 3141
1 5433
1 2041
1 481
1 2431
1 5333
1 1583
1 816
1 10294
1 5312
1 8456
1 131
1 6962
1 5368
1 5121
1 5032
1 2124
1 9026
1 3064
1 2069
1 280
1 4320
1 355
1 7673
1 4421
1 753
1 10196
1 9991
1 2332
1 2144
1 468
1 2160
1 2711
1 748
1 6718
1 949
1 215
1 7941
1 8450
1 9068
1 5018
1 2441
1 8783
1 2160
1 307
1 8625
1 1566
1 5835
1 2485
1 820
1 985
1 1477
1 10599
1 2986
1 9790
1 8500
1 521
1 51
1 10576
1 2401
1 2470
1 4566
1 3652
1 1392
1 779
1 10355
1 3403
1 2734
1 9649
1 6067
1 3008
1 1942
1 3217
1 5026
1 2297
1 960
1 8683
1 311
1 830
1 5472
1 9847
1 200
1 72
1 440
1 6268
1 88
1 1315
1 412
1 450
1 984
1 2040
1 7797
1 6725
1 8501
1 492
1 8497
1 8579
1 391
1 5937
1 365
1 1673
1 8081
1 281
1 4015
1 716
1 1646
1 30
1 954
1 6008
1 4402
1 1685
1 4005
1 1604
1 4613
1 10457
1 819
1 3209
1 6026
1 413
1 5191
1 3373
1 4402
1 311
1 3623
1 227
1 3655
1 2534
1 2437
1 736
1 3360
1 125
1 5476
1 101
1 2326
1 3612
1 227
1 1142
1 775
1 10175
1 2377
1 24
1 961
1 2150
1 1507
1 2071
1 862
1 4499
1 3136
1 3866
1 7187
1 227
1 4869
1 2283
1 4981
1 1061
1 443
1 10534
1 2327
1 2553
1 776
1 4820
1 9577
1 2485
1 8825
1 493
1 202
1 7496
1 820
1 3063
1 10195
1 813
1 5487
1 8732
1 8433
1 818
1 5433
1 2455
1 3781
1 2434
1 1204
1 7859
1 4235
1 1679
1 3768
1 7673
1 1030
1 439
1 457
1 7691
1 441
1 4224
1 2487
1 3489
1 5680
1 4402
1 2286
1 820
1 2463
1 7260
1 3951
1 386
1 961
1 1399
1 3366
1 2539
1 8263
1 2160
1 1610
1 420
1 845
1 955
1 2295
1 8423
1 7196
1 3482
1 2069
1 54
1 782
1 8842
1 1901
1 7535
1 2482
1 7775
1 6626
1 8589
1 3409
1 9260
1 6366
1 4812
1 467
1 1897
1 8443
1 1646
1 1490
1 3443
1 10318
1 2320
1 717
1 1041
1 291
1 468
1 3301
1 6424
1 3132
1 709
1 3932
1 7567
1 3573
1 5673
1 1555
1 2327
1 431
1 2632
1 215
1 4224
1 5847
1 10675
1 604
1 2184
1 48
1 7227
1 4585
1 6385
1 3868
1 351
1 193
1 2262
1 200
1 10371
1 4231
1 5869
1 2515
1 692
1 906
1 9799
1 492
1 6339
1 1679
1 1484
1 2539
1 1598
1 6848
1 5785
1 8158
1 10280
1 4337
1 3365
1 492
1 3457
1 3301
1 79
1 3316
1 3326
1 29
1 1899
1 3601
1 1638
1 746
1 3103
1 2885
1 9360
1 490
1 2238
1 1783
1 4236
1 724
1 221
1 9989
1 9790
1 10573
1 1590
1 309
1 4866
1 5086
1 819
1 8736
1 435
1 1774
1 8549
1 5878
1 432
1 6894
1 4279
1 3032
1 5844
1 450
1 8472
1 364
1 4568
1 890
1 9738
1 7602
1 3539
1 371
1 849
1 1220
1 2376
1 2107
1 3030
1 1158
1 9828
1 521
1 1974
1 1189
1 7485
1 437
1 3693
1 7267
1 9121
1 7053
1 1734
1 10256
1 10619
1 439
1 10530
1 6339
1 9521
1 5828
1 4353
1 2532
1 8370
1 3960
1 3879
1 2465
1 9522
1 1091
1 3302
1 535
1 1090
1 1232
1 3301
1 9897
1 7218
1 87
1 4149
1 304
1 988
1 3291
1 4243
1 8479
1 1003
1 9121
1 2120
1 1942
1 4000
1 2124
1 4491
1 8498
1 3992
1 218
1 1685
1 8
1 2328
1 3060
1 3575
1 3319
1 1385
1 2160
1 2431
1 2624
1 304
1 8430
1 1486
1 278
1 9356
1 5844
1 3778
1 484
1 7673
1 2139
1 8208
1 10296
1 770
1 1176
1 4402
1 709
1 9936
1 1971
1 784
1 964
1 46
1 454
1 2405
1 2376
1 380
1 7042
1 8855
1 4925
1 819
1 4960
1 119
1 7503
1 2181
1 4628
1 7809
1 4566
1 5878
1 2552
1 1555
1 7602
1 3525
1 9549
1 460
1 2621
1 9805
1 450
1 88
1 198
1 6864
1 2173
1 904
1 2368
1 2519
1 5017
1 1458
1 10146
1 9715
1 6094
1 1032
1 1684
1 279
1 2934
1 802
1 9139
1 4157
1 1769
1 847
1 845
1 2386
1 9787
1 335
1 3067
1 365
1 8603
1 1186
1 3577
1 3138
1 4000
1 67
1 1400
1 2676
1 5937
1 4741
1 2938
1 191
1 1252
1 3493
1 4419
1 872
1 5012
1 5342
1 1708
1 10573
1 468
1 10599
1 5018
1 784
1 412
1 709
1 4350
1 848
1 3335
1 9141
1 88
1 1898
1 10175
1 3247
1 493
1 462
1 1986
1 709
1 3332
1 2536
1 3674
1 43
1 714
1 1524
1 849
1 709
1 1592
1 9814
1 9863
1 1685
1 9863
1 2160
1 1984
1 448
1 5138
1 3288
1 10455
1 5417
1 2422
1 2438
1 5937
1 7040
1 7255
1 125
1 3138
1 1646
1 8266
1 366
1 44
1 716
1 971
1 908
1 3462
1 366
1 4244
1 8279
1 6894
1 5099
1 2435
1 2284
1 3197
1 8516
1 1685
1 10446
1 8370
1 4919
1 9525
1 1900
1 742
1 491
1 1637
1 1709
1 3288
1 968
1 6718
1 484
1 5680
1 5839
1 9706
1 3030
1 1639
1 9800
1 4733
1 6584
1 7589
1 792
1 9810
1 493
1 9924
1 882
1 77
1 10666
1 1458
1 9825
1 1684
1 1449
1 3272
1 954
1 35
1 3105
1 4029
1 2419
1 481
1 737
1 3604
1 1727
1 5081
1 8092
1 2969
1 154
1 462
1 896
1 3375
1 3222
1 880
1 3159
1 5696
1 3447
1 1310
1 2238
1 4541
1 839
1 343
1 7603
1 2554
1 9359
1 1379
1 4255
1 2287
1 3302
1 9597
1 7401
1 4649
1 8650
1 1684
1 738
1 1185
1 10174
1 5861
1 839
1 709
1 9308
1 1177
1 8640
1 112
1 6636
1 3332
1 1854
1 844
1 3331
1 10148
1 3838
1 455
1 7567
1 1125
1 10118
1 954
1 9122
1 2873
1 492
1 8639
1 351
1 2238
1 4960
1 3885
1 914
1 1232
1 727
1 864
1 9465
1 1685
1 10171
1 201
1 862
1 5403
1 3585
1 2426
1 4000
1 2172
1 3302
1 446
1 439
1 692
1 4735
1 8021
1 8049
1 2138
1 8515
1 3370
1 1393
1 8430
1 9828
1 727
1 7755
1 8450
1 10379
1 2317
1 7211
1 5370
1 157
1 8514
1 3191
1 1176
1 1906
1 450
1 6632
1 67
1 880
1 2334
1 448
1 364
1 3237
1 9356
1 8719
1 4960
1 604
1 8430
1 5352
1 147
1 461
1 7254
1 87
1 2485
1 2441
1 3284
1 62
1 724
1 7535
1 8169
1 2069
1 1614
1 4423
1 3074
1 7405
1 8581
1 592
1 10652
1 8388
1 2069
1 927
1 3573
1 5037
1 6680
1 1186
1 529
1 3561
1 981
1 391
1 2927
1 2487
1 8052
1 446
1 862
1 3514
1 2735
1 2282
1 1210
1 2297
1 6029
1 845
1 256
1 172
1 3326
1 9816
1 2419
1 4041
1 5143
1 749
1 5786
1 427
1 6626
1 171
1 302
1 2231
1 5338
1 2534
1 549
1 3375
1 3992
1 3344
1 592
1 44
1 10671
1 7229
1 1030
1 5828
1 3332
1 5417
1 6423
1 4912
1 729
1 2054
1 2111
1 5878
1 381
1 2419
1 855
1 10283
1 2069
1 7102
1 1236
1 4739
1 204
1 8623
1 535
1 2324
1 43
1 298
1 2172
1 2292
1 355
1 3577
1 3462
1 414
1 442
1 474
1 5274
1 486
1 1183
1 4922
1 472
1 4402
1 9819
1 2551
1 364
1 5093
1 9031
1 2295
1 6995
1 5827
1 8277
1 4744
1 9121
1 10171
1 2405
1 3015
1 221
1 49
1 2467
1 3289
1 30
1 3355
1 4233
1 4806
1 3141
1 160
1 5338
1 2525
1 9729
1 1684
1 4000
1 7673
1 2205
1 484
1 3316
1 2915
1 8370
1 451
1 163
1 1757
1 226
1 776
1 2382
1 819
1 313
1 2235
1 2051
1 5839
1 1295
1 8370
1 3674
1 5193
1 968
1 6154
1 5634
1 8678
1 30
1 729
1 9825
1 839
1 294
1 7571
1 1985
1 412
1 3262
1 2287
1 2328
1 1162
1 2297
1 5828
1 1692
1 2994
1 7571
1 2353
1 2328
1 4364
1 1994
1 908
1 2376
1 281
1 4644
1 4991
1 2354
1 431
1 3447
1 7267
1 534
1 1605
1 5276
1 3936
1 3880
1 830
1 201
1 433
1 5696
1 4924
1 9141
1 1302
1 5828
1 443
1 112
1 364
1 3100
1 1636
1 3036
1 1637
1 1023
1 4696
1 1208
1 1058
1 131
1 2426
1 1555
1 484
1 4866
1 3349
1 10671
1 8462
1 7254
1 3330
1 9057
1 1914
1 2982
1 2412
1 8272
1 862
1 777
1 8
1 10218
1 468
1 7673
1 4304
1 807
1 4960
1 413
1 3315
1 484
1 1058
1 411
1 9179
1 721
1 2436
1 3245
1 3719
1 450
1 2401
1 734
1 266
1 2415
1 7227
1 3313
1 734
1 3525
1 9936
1 861
1 984
1 1565
1 6570
1 9897
1 7693
1 69
1 1685
1 6383
1 5948
1 2577
1 6466
1 776
1 9534
1 928
1 4875
1 7573
1 3100
1 818
1 2054
1 2281
1 8206
1 68
1 879
1 5685
1 8579
1 10617
1 3728
1 4409
1 258
1 7693
1 8388
1 3444
1 1204
1 911
1 2459
1 446
1 134
1 1682
1 3577
1 7665
1 3318
1 3401
1 1896
1 3600
1 2589
1 8560
1 7261
1 4193
1 8923
1 4787
1 7638
1 341
1 5526
1 4752
1 9356
1 221
1 9724
1 3141
1 8897
1 9721
1 9830
1 1090
1 5433
1 785
1 785
1 892
1 3204
1 1605
1 777
1 1444
1 45
1 4417
1 9138
1 709
1 10256
1 1252
1 858
1 2442
1 9860
1 2819
1 8976
1 3719
1 9436
1 839
1 6112
1 2457
1 1838
1 2431
1 9356
1 3409
1 8095
1 3539
1 1697
1 6937
1 3123
1 434
1 355
1 55
1 4270
1 7668
1 4751
1 450
1 4037
1 3063
1 2573
1 10534
1 2009
1 8118
1 172
1 2401
1 9300
1 5769
1 2328
1 988
1 7459
1 472
1 10188
1 5847
1 8067
1 1954
1 908
1 3375
1 868
1 457
1 228
1 3316
1 456
1 785
1 4331
1 1783
1 9121
1 5621
1 9222
1 1302
1 4741
1 4237
1 9360
1 3178
1 6894
1 839
1 472
1 30
1 10724
1 2320
1 3793
1 9184
1 221
1 1684
1 1774
1 8433
1 8353
1 193
1 2441
1 729
1 1375
1 6732
1 8428
1 2600
1 484
1 2431
1 6876
1 10146
1 7693
1 2572
1 3008
1 7558
1 2009
1 812
1 62
1 863
1 304
1 2198
1 484
1 2553
1 54
1 1297
1 364
1 181
1 5424
1 9789
1 2010
1 1013
1 2179
1 832
1 3296
1 69
1 3207
1 88
1 1458
1 8581
1 8414
1 412
1 3555
1 3127
1 890
1 8388
1 8856
1 481
1 10581
1 8603
1 9510
1 1942
1 10202
1 6779
1 7673
1 2297
1 3272
1 6085
1 10208
1 255
1 2601
1 2201
1 7506
1 3434
1 3570
1 364
1 5346
1 518
1 450
1 6044
1 3401
1 300
1 200
1 7390
1 4087
1 9790
1 371
1 7819
1 492
1 4517
1 777
1 2423
1 355
1 9356
1 5086
1 452
1 224
1 1158
1 9645
1 10136
1 5878
1 8658
1 192
1 893
1 392
1 1253
1 858
1 450
1 9803
1 2235
1 2429
1 1955
1 4008
1 5696
1 2294
1 2140
1 8856
1 2052
1 790
1 62
1 966
1 4859
1 2563
1 2096
1 5019
1 1646
1 6894
1 1176
1 845
1 8266
1 44
1 2426
1 438
1 140
1 5873
1 5609
1 7739
1 4350
1 472
1 468
1 7668
1 303
1 5515
1 3758
1 894
1 289
1 8084
1 9786
1 3555
1 1820
1 5433
1 9126
1 10220
1 6339
1 2294
1 8485
1 3458
1 868
1 279
1 201
1 10253
1 8661
1 1590
1 311
1 491
1 3313
1 2986
1 3132
1 830
1 2399
1 7682
1 181
1 819
1 468
1 5612
1 2139
1 5937
1 2437
1 221
1 468
1 1385
1 184
1 1774
1 457
1 462
1 2401
1 484
1 4349
1 171
1 534
1 141
1 311
1 8587
1 2175
1 304
1 6194
1 2160
1 468
1 7040
1 8191
1 738
1 355
1 887
1 5674
1 2555
1 2041
1 2073
1 1950
1 7189
1 5680
1 4582
1 111
1 1953
1 855
1 5828
1 3319
1 152
1 7534
1 436
1 203
1 264
1 1627
1 793
1 4866
1 7272
1 8064
1 9300
1 5649
1 1466
1 3324
1 10092
1 887
1 310
1 2409
1 754
1 4345
1 2539
1 1539
1 3138
1 8499
1 3303
1 723
1 8211
1 6626
1 3598
1 3034
1 9827
1 8456
1 8408
1 380
1 3116
1 4402
1 3781
1 9508
1 4007
1 448
1 2295
1 463
1 2323
1 813
1 437
1 289
1 8633
1 492
1 2398
1 2336
1 984
1 1993
1 443
1 3600
1 9360
1 62
1 2297
1 3252
1 6856
1 10607
1 4955
1 837
1 3825
1 9025
1 2566
1 2132
1 2679
1 446
1 412
1 3671
1 4000
1 299
1 6008
1 8092
1 468
1 3783
1 1774
1 2416
1 5828
1 10767
1 2825
1 1686
1 1749
1 2290
1 10295
1 9172
1 8900
1 9222
1 433
1 8434
1 812
1 7693
1 5056
1 461
1 492
1 134
1 954
1 807
1 3368
1 2361
1 3030
1 7670
1 3150
1 5828
1 2139
1 792
1 5766
1 4193
1 2281
1 3591
1 4866
1 813
1 8057
1 5699
1 6838
1 843
1 5349
1 125
1 1204
1 9802
1 3909
1 2413
1 2398
1 2534
1 352
1 4033
1 4402
1 8674
1 3338
1 3725
1 7133
1 9594
1 5018
1 1727
1 3270
1 9102
1 448
1 2126
1 446
1 9121
1 2440
1 6714
1 3860
1 5896
1 31
1 5944
1 3466
1 202
1 2379
1 4539
1 5702
1 5841
1 1686
1 175
1 9522
1 1508
1 204
1 3955
1 228
1 3105
1 9827
1 302
1 2401
1 522
1 10431
1 2407
1 9166
1 6366
1 1613
1 4739
1 3319
1 304
1 4737
1 745
1 889
1 734
1 4350
1 1679
1 1725
1 10294
1 1989
1 6394
1 855
1 2407
1 9265
1 298
1 2051
1 860
1 9112
1 3988
1 425
1 3300
1 4793
1 3598
1 2295
1 481
1 4235
1 492
1 2988
1 345
1 1176
1 280
1 3127
1 7775
1 1900
1 8507
1 448
1 1685
1 9390
1 2874
1 3598
1 3430
1 191
1 4005
1 2160
1 1302
1 1198
1 592
1 3824
1 66
1 3272
1 455
1 128
1 4402
1 4402
1 735
1 2485
1 5847
1 2453
1 492
1 448
1 476
1 724
1 604
1 3384
1 10090
1 7279
1 837
1 858
1 1774
1 2278
1 6858
1 2158
1 6894
1 4227
1 3035
1 4995
1 815
1 3767
1 8945
1 1667
1 289
1 3720
1 6838
1 175
1 443
1 2361
1 8856
1 2573
1 5349
1 50
1 4009
1 3872
1 5413
1 5839
1 7997
1 357
1 7637
1 4316
1 2538
1 1895
1 955
1 10001
1 793
1 8281
1 289
1 5840
1 4859
1 4806
1 928
1 2281
1 2746
1 2435
1 2128
1 8926
1 2069
1 897
1 9828
1 3568
1 45
1 9236
1 7501
1 3589
1 1181
1 206
1 2492
1 2518
1 338
1 215
1 2485
1 745
1 8080
1 8607
1 8407
1 2907
1 1200
1 8420
1 8718
1 3259
1 8
1 3060
1 4275
1 9906
1 1685
1 9342
1 8702
1 3462
1 2442
1 2225
1 2448
1 7185
1 10169
1 7954
1 1613
1 10391
1 3141
1 8164
1 8372
1 3138
1 5336
1 2409
1 6995
1 2521
1 772
1 7597
1 2292
1 867
1 4669
1 8635
1 4965
1 280
1 1928
1 3269
1 8460
1 8414
1 6044
1 443
1 2480
1 5505
1 6626
1 10376
1 4965
1 7584
1 968
1 7790
1 2577
1 2150
1 4568
1 2480
1 3100
1 1900
1 9651
1 4402
1 1963
1 8127
1 5123
1 6732
1 285
1 384
1 3891
1 3372
1 1646
1 881
1 2426
1 908
1 468
1 1613
1 1902
1 10320
1 2514
1 446
1 7485
1 2405
1 6385
1 2294
1 2398
1 364
1 1527
1 259
1 2529
1 165
1 2160
1 5643
1 1283
1 5649
1 93
1 2139
1 65
1 9043
1 1162
1 8717
1 6636
1 431
1 518
1 819
1 2927
1 770
1 2228
1 3485
1 50
1 2103
1 927
1 872
1 1305
1 450
1 4668
1 3119
1 9139
1 265
1 3907
1 709
1 9648
1 3288
1 8
1 374
1 927
1 884
1 2343
1 5339
1 2644
1 8507
1 9434
1 819
1 5841
1 2160
1 6877
1 5361
1 67
1 3313
1 8064
1 1983
1 4987
1 2111
1 4340
1 785
1 5674
1 802
1 2438
1 1684
1 468
1 1942
1 775
1 863
1 1023
1 1185
1 4318
1 4231
1 5086
1 3824
1 490
1 3333
1 6628
1 3668
1 5788
1 707
1 490
1 3796
1 9961
1 2566
1 718
1 1097
1 1286
1 806
1 7594
1 8455
1 10143
1 4231
1 1783
1 791
1 355
1 7693
1 8426
1 202
1 1684
1 3272
1 2328
1 7744
1 9091
1 3034
1 341
1 5847
1 9828
1 6160
1 6173
1 3236
1 7583
1 7788
1 4398
1 10282
1 355
1 3919
1 2437
1 3555
1 10202
1 872
1 4644
1 3296
1 7004
1 8422
1 219
1 4527
1 2436
1 2287
1 355
1 446
1 1566
1 4365
1 4200
1 2277
1 2160
1 2502
1 7693
1 5156
1 3302
1 772
1 1068
1 956
1 3207
1 5276
1 5369
1 1392
1 1028
1 819
1 9141
1 939
1 2673
1 8
1 484
1 4632
1 9581
1 751
1 8412
1 3036
1 1965
1 1830
1 3426
1 2238
1 10257
1 1458
1 2463
1 184
1 3215
1 572
1 413
1 8349
1 1991
1 8033
1 2983
1 230
1 4238
1 5878
1 3682
1 1236
1 8350
1 4608
1 735
1 357
1 1081
1 2494
1 3374
1 3855
1 244
1 5659
1 3362
1 7904
1 8386
1 4740
1 5840
1 172
1 5873
1 1727
1 32
1 8
1 291
1 5220
1 2144
1 230
1 7826
1 4970
1 9899
1 3255
1 3272
1 2172
1 1027
1 709
1 298
1 9360
1 9528
1 484
1 484
1 3301
1 3296
1 7693
1 9026
1 492
1 4648
1 4815
1 5843
1 5120
1 10799
1 4062
1 1941
1 878
1 2381
1 490
1 491
1 735
1 2124
1 9244
1 1635
1 135
1 1684
1 8486
1 2462
1 5199
1 152
1 1193
1 8403
1 7693
1 1327
1 5696
1 5018
1 7039
1 2048
1 6084
1 10509
1 69
1 4644
1 3228
1 2043
1 371
1 727
1 8178
1 9567
1 2363
1 184
1 6054
1 6113
1 3850
1 3361
1 988
1 3874
1 1176
1 164
1 181
1 7254
1 709
1 6055
1 412
1 433
1 30
1 8502
1 193
1 64
1 10257
1 1779
1 10619
1 6823
1 4062
1 8547
1 390
1 325
1 872
1 2501
1 2172
1 3872
1 10677
1 2112
1 931
1 3730
1 221
1 391
1 908
1 1196
1 7397
1 1114
1 9183
1 3015
1 3541
1 1278
1 881
1 9787
1 994
1 2915
1 891
1 7597
1 6084
1 2159
1 3059
1 8923
1 325
1 458
1 2442
1 387
1 413
1 5012
1 3294
1 5827
1 6823
1 2124
1 772
1 2449
1 6894
1 2415
1 3602
1 221
1 1444
1 1684
1 9790
1 3302
1 2376
1 5827
1 968
1 323
1 184
1 3577
1 135
1 4960
1 3247
1 2283
1 6304
1 5846
1 476
1 2516
1 858
1 2401
1 2469
1 10368
1 1613
1 996
1 2556
1 880
1 4637
1 749
1 1508
1 3303
1 737
1 2551
1 729
1 5409
1 2054
1 9828
1 2482
1 8387
1 1685
1 1902
1 9803
1 1920
1 279
1 1976
1 10595
1 29
1 5691
1 2479
1 484
1 4959
1 4572
1 845
1 8364
1 3434
1 2442
1 5820
1 8923
1 72
1 3300
1 448
1 1092
1 3368
1 3909
1 3485
1 8038
1 7584
1 468
1 1119
1 337
1 1953
1 953
1 4271
1 6791
1 8761
1 2198
1 3132
1 7670
1 707
1 2140
1 2332
1 1189
1 2196
1 4349
1 5894
1 8040
1 8639
1 312
1 4335
1 1198
1 10724
1 1204
1 30
1 1204
1 7043
1 855
1 3456
1 8303
1 5673
1 526
1 9790
1 890
1 711
1 1568
1 4590
1 311
1 468
1 289
1 1967
1 613
1 2401
1 903
1 1568
1 6390
1 4308
1 1638
1 9244
1 8728
1 7779
1 4960
1 296
1 2988
1 46
1 2265
1 4668
1 3917
1 1185
1 1991
1 492
1 4582
1 6029
1 193
1 8027
1 9024
1 848
1 3766
1 2421
1 10103
1 4756
1 5538
1 2149
1 906
1 450
1 1391
1 3796
1 2072
1 206
1 411
1 7172
1 2986
1 200
1 2556
1 729
1 8376
1 1265
1 1208
1 364
1 2419
1 203
1 338
1 8115
1 1178
1 2330
1 476
1 1705
1 8684
1 5086
1 193
1 2283
1 3349
1 9586
1 2158
1 213
1 9356
1 7585
1 248
1 6637
1 9828
1 264
1 9701
1 7481
1 1520
1 1068
1 3567
1 152
1 1393
1 3330
1 2988
1 9872
1 3771
1 2421
1 8403
1 3247
1 202
1 5424
1 8303
1 7478
1 9043
1 1685
1 412
1 8083
1 7693
1 304
1 10143
1 31
1 2236
1 818
1 4981
1 3018
1 6197
1 468
1 1682
1 782
1 868
1 88
1 3136
1 2297
1 7511
1 4316
1 1992
1 10136
1 3426
1 8419
1 1899
1 712
1 3269
1 3320
1 2429
1 3204
1 8710
1 7691
1 1637
1 906
1 858
1 446
1 303
1 8430
1 9603
1 224
1 2601
1 148
1 7678
1 941
1 3470
1 5828
1 400
1 9786
1 3302
1 872
1 864
1 830
1 8636
1 457
1 304
1 7693
1 9125
1 789
1 2441
1 450
1 37
1 8957
1 491
1 10677
1 481
1 484
1 364
1 2541
1 1636
1 1185
1 4231
1 1591
1 927
1 845
1 325
1 5155
1 5349
1 2559
1 1393
1 8479
1 24
1 125
1 9121
1 7535
1 6823
1 2563
1 8215
1 1150
1 1405
1 7670
1 1590
1 1849
1 9836
1 8631
1 3100
1 4539
1 3725
1 4981
1 1302
1 813
1 433
1 4242
1 8100
1 5365
1 8356
1 165
1 3684
1 4078
1 869
1 227
1 4428
1 474
1 3539
1 5876
1 461
1 3295
1 3252
1 9121
1 6630
1 364
1 9121
1 425
1 1458
1 10724
1 44
1 7267
1 820
1 522
1 2205
1 364
1 3290
1 6178
1 4362
1 913
1 5413
1 7996
1 958
1 2294
1 2328
1 2416
1 1391
1 1796
1 9525
1 386
1 4585
1 474
1 1954
1 3458
1 4582
1 492
1 897
1 9524
1 2201
1 1685
1 3089
1 3313
1 3191
1 67
1 988
1 304
1 1001
1 9180
1 2238
1 9787
1 31
1 8198
1 9658
1 476
1 3080
1 2225
1 221
1 2293
1 10258
1 1472
1 4957
1 5349
1 484
1 630
1 1940
1 9589
1 2283
1 724
1 3258
1 10146
1 3247
1 719
1 112
1 988
1 4029
1 1902
1 6708
1 5399
1 490
1 1223
1 1068
1 9360
1 1979
1 4346
1 3388
1 1204
1 777
1 2482
1 5825
1 412
1 5644
1 1085
1 3638
1 10162
1 7597
1 1609
1 9308
1 1994
1 988
1 2327
1 4029
1 849
1 3126
1 7267
1 201
1 7247
1 45
1 1555
1 6789
1 7263
1 1679
1 132
1 3272
1 8033
1 10407
1 5868
1 67
1 7043
1 8439
1 461
1 30
1 483
1 9828
1 10505
1 707
1 4009
1 1613
1 3193
1 4362
1 1171
1 7784
1 2109
1 48
1 5639
1 2142
1 2002
1 2420
1 4644
1 2405
1 8469
1 8347
1 7554
1 4912
1 1164
1 2441
1 4415
1 956
1 3644
1 4268
1 366
1 3150
1 9830
1 169
1 213
1 3119
1 897
1 709
1 4866
1 8308
1 4000
1 5231
1 3204
1 906
1 163
1 894
1 3775
1 7598
1 2991
1 324
1 4234
1 3138
1 10409
1 492
1 6056
1 223
1 4004
1 228
1 8636
1 2050
1 718
1 1176
1 5972
1 4733
1 6857
1 456
1 5098
1 1063
1 330
1 190
1 8499
1 1953
1 830
1 4517
1 7665
1 4337
1 8923
1 476
1 6884
1 174
1 4582
1 6708
1 8847
1 30
1 5827
1 1638
1 4644
1 2405
1 2283
1 742
1 7598
1 9906
1 332
1 9793
1 1052
1 4233
1 2096
1 2934
1 3598
1 8821
1 1709
1 2143
1 62
1 903
1 1828
1 9219
1 1275
1 491
1 37
1 3872
1 833
1 9145
1 8763
1 2405
1 5538
1 3776
1 1607
1 726
1 903
1 1171
1 163
1 8415
1 7225
1 600
1 9144
1 5702
1 709
1 9600
1 10574
1 289
1 483
1 2485
1 749
1 224
1 6900
1 9690
1 2504
1 3998
1 2354
1 535
1 2283
1 9350
1 988
1 9236
1 44
1 10147
1 6626
1 9828
1 9537
1 448
1 6194
1 5435
1 433
1 9534
1 3036
1 1176
1 294
1 3036
1 8266
1 30
1 1936
1 298
1 3434
1 732
1 3051
1 4761
1 1983
1 8855
1 4425
1 728
1 443
1 7771
1 9583
1 9524
1 4552
1 270
1 6634
1 891
1 8436
1 1694
1 5696
1 1184
1 4031
1 1397
1 3119
1 1590
1 864
1 5287
1 5413
1 984
1 7584
1 3560
1 468
1 8545
1 1899
1 728
1 1583
1 4779
1 4915
1 1444
1 7186
1 1963
1 3535
1 9460
1 5625
1 8411
1 2442
1 468
1 5695
1 1233
1 3380
1 2378
1 2425
1 3096
1 4741
1 4864
1 2352
1 813
1 911
1 244
1 1468
1 6732
1 858
1 3054
1 2173
1 1121
1 72
1 1686
1 2502
1 4823
1 2991
1 468
1 3315
1 2442
1 1685
1 2461
1 5656
1 2846
1 2176
1 5643
1 9906
1 8021
1 5828
1 8673
1 1684
1 152
1 200
1 77
1 175
1 3454
1 3870
1 3932
1 4054
1 2990
1 8
1 1720
1 3783
1 2873
1 1606
1 6934
1 201
1 264
1 3464
1 298
1 985
1 994
1 8
1 10194
1 37
1 2238
1 10058
1 2552
1 2983
1 281
1 3836
1 2284
1 1198
1 2238
1 5770
1 6023
1 303
1 3890
1 1455
1 10308
1 9121
1 299
1 2437
1 1195
1 8566
1 2532
1 350
1 313
1 2946
1 5422
1 8272
1 364
1 1899
1 7269
1 8476
1 7542
1 2437
1 909
1 1583
1 4149
1 2573
1 2499
1 341
1 7267
1 4644
1 364
1 2395
1 7602
1 1684
1 4072
1 4057
1 2915
1 10599
1 227
1 7586
1 2502
1 3290
1 802
1 735
1 1727
1 2467
1 3525
1 3132
1 7141
1 784
1 10133
1 67
1 55
1 2208
1 1162
1 9646
1 1985
1 2455
1 1678
1 3123
1 481
1 1176
1 1068
1 1604
1 2596
1 1774
1 5385
1 2293
1 6284
1 5937
1 2481
1 3033
1 3119
1 43
1 2069
1 2485
1 719
1 3197
1 9014
1 483
1 37
1 906
1 2401
1 854
1 10042
1 10613
1 8102
1 2179
1 5677
1 69
1 10810
1 9828
1 9836
1 492
1 1656
1 721
1 224
1 820
1 6850
1 9027
1 2601
1 8402
1 3316
1 2423
1 448
1 988
1 6978
1 1114
1 2328
1 1980
1 6708
1 9830
1 9849
1 1933
1 433
1 291
1 927
1 1596
1 7153
1 10795
1 8820
1 6616
1 8491
1 2238
1 5621
1 45
1 201
1 10678
1 7198
1 448
1 585
1 10709
1 2570
1 7052
1 791
1 3476
1 1524
1 5696
1 10697
1 724
1 10146
1 820
1 2139
1 2438
1 2103
1 3365
1 712
1 8608
1 1685
1 366
1 729
1 1685
1 4517
1 3592
1 3318
1 299
1 1957
1 1011
1 42
1 3570
1 3951
1 3313
1 355
1 181
1 184
1 2326
1 3003
1 6877
1 1717
1 7598
1 5852
1 866
1 2522
1 750
1 1897
1 5355
1 2395
1 112
1 10002
1 5645
1 4052
1 909
1 7191
1 887
1 1727
1 3568
1 5143
1 819
1 718
1 880
1 2205
1 2440
1 6894
1 3431
1 425
1 1963
1 3603
1 8414
1 291
1 7939
1 1158
1 9183
1 3373
1 1822
1 3556
1 9146
1 45
1 3885
1 366
1 292
1 2679
1 5366
1 3033
1 441
1 223
1 2431
1 7753
1 2175
1 7396
1 5859
1 4394
1 476
1 6907
1 4334
1 1472
1 1302
1 2326
1 1162
1 9826
1 2244
1 441
1 5696
1 397
1 521
1 448
1 7586
1 1085
1 2903
1 2291
1 5846
1 131
1 8412
1 4409
1 2651
1 7099
1 986
1 2281
1 9790
1 484
1 171
1 69
1 4402
1 9308
1 9244
1 6598
1 1685
1 819
1 2293
1 157
1 6894
1 3310
1 484
1 8172
1 2049
1 7463
1 770
1 858
1 894
1 9121
1 457
1 2637
1 413
1 4755
1 2160
1 2534
1 8022
1 2103
1 3211
1 2586
1 200
1 3284
1 3303
1 4864
1 425
1 5876
1 4912
1 1646
1 1682
1 3300
1 185
1 7261
1 1641
1 813
1 221
1 10434
1 1268
1 5699
1 3781
1 9876
1 802
1 1822
1 264
1 8923
1 218
1 167
1 3640
1 5349
1 3487
1 3319
1 1684
1 87
1 3602
1 5571
1 3351
1 2429
1 4314
1 3228
1 7229
1 337
1 8408
1 717
1 890
1 215
1 868
1 5694
1 4754
1 2539
1 9828
1 10218
1 1690
1 788
1 8
1 2407
1 4149
1 2160
1 2235
1 5828
1 3866
1 1985
1 1779
1 3296
1 2455
1 424
1 891
1 5515
1 4741
1 3657
1 6463
1 2135
1 8923
1 10725
1 5850
1 3535
1 714
1 715
1 2407
1 336
1 8623
1 988
1 1344
1 412
1 3720
1 3263
1 4649
1 2438
1 456
1 5335
1 3141
1 600
1 151
1 10566
1 2281
1 5434
1 4552
1 7255
1 2286
1 468
1 9159
1 285
1 600
1 2910
1 1367
1 8769
1 3602
1 914
1 3575
1 1239
1 35
1 1682
1 715
1 167
1 2144
1 5106
1 1162
1 490
1 476
1 1678
1 371
1 2595
1 5686
1 891
1 351
1 1185
1 7213
1 280
1 5770
1 855
1 9155
1 412
1 468
1 8508
1 744
1 709
1 1961
1 1197
1 44
1 5696
1 4644
1 1953
1 7227
1 9349
1 3177
1 724
1 8743
1 2160
1 3475
1 10564
1 364
1 1941
1 4420
1 1774
1 903
1 3229
1 2293
1 4342
1 4516
1 534
1 4242
1 8353
1 2398
1 2899
1 785
1 280
1 2405
1 2286
1 8448
1 4955
1 2348
1 412
1 890
1 4267
1 6287
1 4350
1 1919
1 202
1 4003
1 3237
1 1055
1 200
1 7744
1 1092
1 487
1 1305
1 2434
1 3030
1 3138
1 858
1 4035
1 2196
1 134
1 6680
1 940
1 2696
1 1953
1 2992
1 5734
1 715
1 734
1 9829
1 8674
1 1714
1 474
1 813
1 2044
1 522
1 4539
1 517
1 6385
1 328
1 8144
1 494
1 8500
1 7673
1 2381
1 2437
1 7820
1 7671
1 3426
1 289
1 3672
1 7584
1 3299
1 2335
1 894
1 181
1 6877
1 3160
1 1112
1 6900
1 5492
1 289
1 468
1 330
1 6094
1 8740
1 5404
1 491
1 323
1 171
1 8889
1 24
1 3930
1 2238
1 7387
1 1162
1 908
1 7254
1 3222
1 6385
1 9521
1 49
1 3568
1 2918
1 37
1 351
1 5345
1 2540
1 1706
1 1568
1 7767
1 5095
1 491
1 30
1 1319
1 8674
1 1130
1 6920
1 3570
1 3138
1 450
1 709
1 2363
1 1759
1 3405
1 4568
1 3694
1 2539
1 302
1 476
1 2381
1 76
1 464
1 66
1 492
1 88
1 2383
1 7211
1 201
1 2381
1 6840
1 9360
1 446
1 3262
1 1678
1 851
1 5067
1 3034
1 50
1 1820
1 1345
1 1974
1 1627
1 65
1 5831
1 5040
1 1685
1 425
1 2464
1 222
1 5276
1 6894
1 9702
1 7055
1 789
1 784
1 518
1 491
1 9144
1 2177
1 3340
1 3644
1 7757
1 6394
1 2328
1 5623
1 8272
1 2177
1 5612
1 10106
1 3197
1 1678
1 8589
1 2430
1 1684
1 3543
1 8989
1 711
1 9906
1 141
1 1068
1 5409
1 478
1 10023
1 433
1 147
1 6918
1 2647
1 6878
1 443
1 9300
1 126
1 2173
1 9306
1 433
1 1679
1 472
1 5852
1 2455
1 8430
1 1774
1 988
1 5621
1 201
1 3132
1 10294
1 1314
1 862
1 9526
1 5680
1 1685
1 10721
1 2327
1 1055
1 9815
1 5040
1 10517
1 215
1 4744
1 4752
1 9496
1 364
1 894
1 221
1 782
1 49
1 2482
1 8438
1 4166
1 340
1 2124
1 2381
1 77
1 2464
1 6889
1 6884
1 2444
1 2152
1 8650
1 1682
1 8272
1 355
1 2415
1 9527
1 2176
1 151
1 709
1 2326
1 486
1 25
1 1171
1 221
1 4035
1 572
1 9151
1 10265
1 10257
1 8988
1 769
1 2205
1 249
1 3898
1 10306
1 890
1 8324
1 438
1 780
1 1063
1 7770
1 2950
1 8301
1 5261
1 4521
1 3330
1 1718
1 3513
1 10195
1 8856
1 484
1 858
1 7691
1 8489
1 9096
1 3656
1 491
1 3036
1 8587
1 4787
1 7839
1 2514
1 521
1 5677
1 441
1 7058
1 1596
1 2764
1 5687
1 9793
1 2281
1 4364
1 2333
1 2399
1 1566
1 492
1 171
1 9164
1 4339
1 9982
1 2133
1 3565
1 4776
1 2071
1 5409
1 1555
1 10637
1 2425
1 4417
1 1303
1 289
1 3284
1 468
1 292
1 484
1 9219
1 4224
1 2294
1 914
1 3191
1 7554
1 5621
1 818
1 4632
1 7263
1 243
1 7792
1 4649
1 2336
1 366
1 300
1 8549
1 832
1 10271
1 717
1 522
1 484
1 724
1 9280
1 787
1 228
1 3318
1 2403
1 6301
1 10146
1 77
1 4521
1 735
1 7053
1 264
1 9508
1 3454
1 5863
1 9244
1 337
1 468
1 2426
1 968
1 148
1 5621
1 201
1 7601
1 3470
1 76
1 1668
1 4955
1 493
1 438
1 245
1 3313
1 2131
1 2927
1 1646
1 4338
1 371
1 3036
1 2110
1 10188
1 909
1 793
1 2437
1 4408
1 7408
1 5420
1 5847
1 398
1 3590
1 184
1 3168
1 374
1 289
1 6718
1 1627
1 2577
1 724
1 3323
1 1041
1 362
1 3100
1 2533
1 843
1 7153
1 7279
1 8623
1 8856
1 9516
1 8457
1 5435
1 2427
1 3565
1 8632
1 3319
1 730
1 3141
1 851
1 10389
1 3316
1 3988
1 3501
1 776
1 3222
1 1900
1 6668
1 7676
1 776
1 1926
1 6204
1 2470
1 3692
1 9881
1 442
1 1598
1 5417
1 5435
1 2659
1 164
1 3871
1 2837
1 4820
1 364
1 8482
1 2004
1 5040
1 6900
1 717
1 9961
1 2429
1 9949
1 890
1 5097
1 909
1 2103
1 9881
1 793
1 3447
1 3138
1 991
1 8191
1 2427
1 24
1 6848
1 742
1 3105
1 2538
1 457
1 709
1 8060
1 3237
1 5422
1 492
1 304
1 30
1 988
1 8100
1 4779
1 1555
1 8926
1 3959
1 4124
1 600
1 6978
1 2967
1 221
1 10468
1 2541
1 7601
1 1686
1 1817
1 4195
1 3928
1 2554
1 750
1 476
1 77
1 3300
1 7539
1 280
1 8475
1 8049
1 2160
1 7229
1 855
1 490
1 3034
1 3335
1 10409
1 4007
1 8455
1 5228
1 6629
1 971
1 1367
1 1206
1 4319
1 4737
1 5247
1 8460
1 1967
1 6894
1 3992
1 723
1 9863
1 7785
1 474
1 10282
1 2430
1 2437
1 6891
1 2179
1 206
1 1882
1 1682
1 4527
1 438
1 2427
1 9678
1 3331
1 6900
1 300
1 503
1 7035
1 2135
1 134
1 7602
1 3316
1 3319
1 709
1 2405
1 517
1 10379
1 2133
1 8923
1 786
1 3324
1 7995
1 988
1 7567
1 9337
1 9939
1 468
1 2470
1 2982
1 490
1 5027
1 2160
1 3000
1 1902
1 1329
1 849
1 330
1 9521
1 8825
1 194
1 767
1 9452
1 2291
1 729
1 214
1 981
1 468
1 777
1 1130
1 9365
1 881
1 1684
1 1630
1 484
1 7839
1 1774
1 4402
1 2441
1 7693
1 10318
1 8073
1 6652
1 252
1 712
1 775
1 5944
1 364
1 2449
1 8621
1 8485
1 2238
1 1458
1 10280
1 8694
1 1684
1 2891
1 707
1 7673
1 4852
1 1068
1 3318
1 3955
1 1684
1 7782
1 2325
1 9654
1 36
1 10772
1 8514
1 446
1 4486
1 1400
1 10282
1 9121
1 5251
1 480
1 9121
1 8809
1 6818
1 1900
1 476
1 1660
1 3132
1 171
1 328
1 3425
1 9181
1 4869
1 8324
1 262
1 8514
1 8451
1 2482
1 3581
1 3336
1 2540
1 2442
1 724
1 2381
1 433
1 3914
1 3592
1 450
1 1130
1 69
1 3063
1 65
1 4267
1 3440
1 9545
1 799
1 37
1 2513
1 8502
1 412
1 1068
1 425
1 2283
1 914
1 845
1 413
1 2673
1 2434
1 9121
1 2405
1 2196
1 490
1 433
1 730
1 9729
1 7589
1 8171
1 288
1 6194
1 4378
1 10626
1 1279
1 2070
1 2468
1 7502
1 2442
1 2327
1 2196
1 858
1 9521
1 151
1 534
1 10434
1 3123
1 4960
1 1286
1 4517
1 2133
1 535
1 6710
1 10294
1 226
1 922
1 441
1 2147
1 5409
1 9721
1 3456
1 6755
1 9180
1 717
1 3248
1 9577
1 7673
1 8717
1 337
1 2413
1 446
1 163
1 228
1 1888
1 10208
1 10294
1 2399
1 3719
1 26
1 3781
1 7788
1 7476
1 8430
1 3018
1 3096
1 2273
1 2697
1 311
1 3075
1 3549
1 819
1 3224
1 1688
1 1176
1 1568
1 1684
1 9027
1 9789
1 3537
1 10347
1 3777
1 9112
1 8437
1 1684
1 1727
1 8
1 2166
1 10280
1 147
1 819
1 8082
1 1391
1 1297
1 5831
1 2448
1 1690
1 3775
1 412
1 1182
1 2278
1 281
1 1953
1 4009
1 503
1 5027
1 37
1 3355
1 2228
1 9785
1 2401
1 5702
1 3261
1 93
1 7744
1 8675
1 443
1 3781
1 5860
1 2176
1 984
1 3679
1 31
1 215
1 8094
1 2077
1 4822
1 522
1 5852
1 9591
1 2179
1 2476
1 2546
1 3504
1 7813
1 175
1 600
1 336
1 30
1 2416
1 6900
1 7003
1 5832
1 2441
1 9138
1 10797
1 2271
1 709
1 1372
1 3298
1 460
1 592
1 7548
1 5844
1 291
1 3397
1 7534
1 2228
1 6840
1 2943
1 2172
1 1273
1 2704
1 1684
1 4309
1 6268
1 4346
1 10256
1 1955
1 1185
1 7255
1 3168
1 10193
1 862
1 1206
1 281
1 228
1 4865
1 4320
1 191
1 3405
1 5696
1 37
1 3132
1 5680
1 5696
1 1181
1 4616
1 9259
1 492
1 7770
1 727
1 364
1 534
1 4363
1 9899
1 8507
1 30
1 3375
1 2600
1 5312
1 3855
1 3313
1 7693
1 24
1 476
1 6287
1 1491
1 1186
1 1679
1 3917
1 2469
1 307
1 3497
1 751
1 3650
1 3247
1 3930
1 364
1 5434
1 4409
1 2129
1 2480
1 10136
1 10797
1 364
1 3296
1 5517
1 2238
1 285
1 6080
1 1774
1 4402
1 3319
1 441
1 9300
1 3772
1 2560
1 154
1 8504
1 1866
1 9525
1 988
1 69
1 6877
1 5770
1 719
1 4981
1 9144
1 600
1 3361
1 2422
1 1875
1 984
1 2485
1 3204
1 892
1 112
1 685
1 3434
1 2662
1 468
1 3155
1 1466
1 49
1 391
1 2472
1 1690
1 8924
1 8383
1 745
1 1688
1 46
1 804
1 2327
1 3776
1 4042
1 175
1 8819
1 2938
1 3473
1 1967
1 163
1 492
1 736
1 3063
1 10724
1 5621
1 5843
1 1682
1 2401
1 729
1 8644
1 572
1 3573
1 8976
1 10001
1 7977
1 8624
1 808
1 8428
1 420
1 981
1 1642
1 200
1 3561
1 441
1 366
1 9810
1 3380
1 3992
1 9787
1 5937
1 4330
1 325
1 4585
1 8510
1 484
1 4585
1 1638
1 10678
1 3757
1 4539
1 2336
1 167
1 2112
1 8786
1 303
1 136
1 10040
1 1656
1 1075
1 294
1 1791
1 8670
1 4346
1 1774
1 167
1 8331
1 984
1 1650
1 412
1 1607
1 5825
1 1774
1 337
1 8499
1 8441
1 830
1 9515
1 10599
1 2483
1 3301
1 3123
1 448
1 740
1 2448
1 4333
1 8488
1 3293
1 8433
1 221
1 230
1 767
1 171
1 2431
1 2573
1 2238
1 87
1 1651
1 219
1 4669
1 1182
1 7601
1 3776
1 6044
1 4524
1 8456
1 457
1 3449
1 2235
1 6913
1 9075
1 2176
1 67
1 433
1 9789
1 319
1 956
1 319
1 3537
1 1051
1 457
1 2283
1 10226
1 4059
1 4987
1 6385
1 535
1 9581
1 2438
1 9028
1 8488
1 8469
1 221
1 1566
1 10279
1 744
1 2468
1 9222
1 8098
1 2405
1 865
1 2286
1 6640
1 2389
1 5636
1 1684
1 529
1 5138
1 1942
1 4772
1 816
1 2160
1 4739
1 2120
1 134
1 8400
1 1090
1 491
1 446
1 8510
1 6732
1 2148
1 340
1 10324
1 3272
1 2160
1 477
1 858
1 2992
1 10143
1 2969
1 4866
1 7489
1 412
1 6789
1 5877
1 7758
1 855
1 7252
1 802
1 604
1 1158
1 5017
1 44
1 734
1 3105
1 8073
1 749
1 2457
1 1112
1 7028
1 490
1 728
1 2160
1 5435
1 2482
1 2434
1 3211
1 75
1 8743
1 858
1 2130
1 9519
1 3766
1 832
1 3807
1 9031
1 984
1 819
1 818
1 3481
1 9244
1 3100
1 5029
1 490
1 9214
1 196
1 5434
1 6844
1 10709
1 813
1 3327
1 1946
1 382
1 1555
1 2362
1 8235
1 2112
1 3272
1 1068
1 8677
1 2485
1 7904
1 193
1 6788
1 9134
1 2288
1 6900
1 2165
1 3274
1 7825
1 8676
1 9678
1 3333
1 8677
1 10763
1 1719
1 3364
1 830
1 10438
1 10249
1 76
1 184
1 4977
1 2673
1 323
1 280
1 50
1 10255
1 2205
1 7597
1 524
1 72
1 4539
1 5937
1 1686
1 351
1 3879
1 2425
1 7469
1 1960
1 9121
1 5878
1 5673
1 181
1 4227
1 2268
1 1724
1 10495
1 2427
1 1820
1 3448
1 7678
1 468
1 3300
1 8272
1 872
1 147
1 1976
1 1458
1 8817
1 8657
1 492
1 2072
1 484
1 5154
1 1458
1 744
1 718
1 8740
1 1685
1 300
1 3507
1 8507
1 10678
1 31
1 202
1 6900
1 400
1 1583
1 128
1 2051
1 8448
1 446
1 7271
1 776
1 6894
1 433
1 2511
1 8417
1 742
1 858
1 311
1 5513
1 3105
1 2124
1 433
1 2441
1 311
1 3872
1 221
1 9788
1 7227
1 8737
1 6008
1 887
1 7567
1 10503
1 10170
1 878
1 54
1 468
1 1686
1 210
1 2584
1 2405
1 2647
1 2595
1 4233
1 425
1 433
1 252
1 9924
1 3452
1 683
1 786
1 3579
1 9741
1 8213
1 7261
1 9121
1 10146
1 1774
1 8269
1 4286
1 1806
1 2160
1 1899
1 8118
1 715
1 804
1 411
1 1342
1 7843
1 3507
1 3156
1 955
1 425
1 10516
1 778
1 304
1 6755
1 2053
1 2376
1 10295
1 221
1 2551
1 7387
1 2361
1 2294
1 1632
1 10122
1 4780
1 5516
1 30
1 2390
1 115
1 2601
1 43
1 1018
1 839
1 3340
1 1783
1 1790
1 8579
1 9906
1 484
1 289
1 2431
1 78
1 3170
1 1667
1 1612
1 906
1 2991
1 9584
1 5017
1 1458
1 3757
1 462
1 71
1 503
1 862
1 10721
1 3567
1 492
1 8987
1 5472
1 3737
1 3291
1 3245
1 3450
1 9121
1 3725
1 4197
1 9044
1 2546
1 6301
1 8706
1 3591
1 3139
1 3322
1 3340
1 909
1 450
1 6278
1 5618
1 2676
1 311
1 2395
1 281
1 5877
1 291
1 4455
1 7693
1 10630
1 4781
1 7042
1 9125
1 9600
1 2421
1 1176
1 3541
1 3132
1 6284
1 7654
1 7770
1 3510
1 6358
1 1974
1 2004
1 8706
1 9946
1 867
1 858
1 3296
1 463
1 9184
1 2277
1 1783
1 1437
1 4417
1 802
1 4409
1 1692
1 338
1 3447
1 683
1 740
1 1929
1 443
1 412
1 2160
1 468
1 9244
1 1433
1 4741
1 6023
1 5094
1 786
1 3539
1 1705
1 387
1 881
1 2325
1 3148
1 3457
1 728
1 968
1 7915
1 365
1 7693
1 3781
1 813
1 7225
1 4644
1 3485
1 446
1 1568
1 3127
1 78
1 4201
1 4010
1 994
1 7741
1 974
1 746
1 4030
1 8477
1 2127
1 2552
1 7693
1 9031
1 5937
1 4613
1 4231
1 813
1 4353
1 461
1 427
1 9121
1 4541
1 5840
1 10147
1 8589
1 3300
1 8436
1 1671
1 351
1 8445
1 2427
1 3338
1 726
1 9801
1 2124
1 10294
1 6446
1 1583
1 3302
1 839
1 433
1 709
1 9252
1 227
1 3447
1 65
1 3256
1 2541
1 727
1 3136
1 3141
1 1946
1 476
1 1901
1 446
1 492
1 8040
1 9589
1 8552
1 10295
1 5623
1 1954
1 2464
1 3130
1 3535
1 4330
1 2096
1 3872
1 996
1 5844
1 10350
1 8027
1 5674
1 2563
1 311
1 3318
1 4418
1 988
1 7267
1 839
1 3170
1 984
1 2290
1 476
1 994
1 4335
1 797
1 1420
1 4787
1 908
1 2662
1 254
1 5571
1 10599
1 4879
1 1774
1 201
1 749
1 4649
1 3197
1 7261
1 1682
1 8474
1 3878
1 2112
1 5948
1 3148
1 3912
1 4779
1 427
1 9577
1 2144
1 70
1 2238
1 4972
1 1995
1 7673
1 802
1 1709
1 24
1 1641
1 803
1 10530
1 144
1 4079
1 2563
1 285
1 712
1 4394
1 363
1 1420
1 10375
1 5086
1 820
1 2676
1 2043
1 896
1 9356
1 3872
1 7775
1 9961
1 484
1 3720
1 2433
1 3138
1 9240
1 5907
1 490
1 3537
1 8608
1 899
1 2238
1 2054
1 1765
1 435
1 3104
1 330
1 221
1 413
1 738
1 6851
1 911
1 4409
1 534
1 6879
1 4062
1 6701
1 3191
1 7052
1 3338
1 3023
1 1684
1 4527
1 1902
1 729
1 3824
1 819
1 1965
1 2926
1 1992
1 1979
1 849
1 4649
1 1648
1 8987
1 2526
1 3313
1 1568
1 4402
1 713
1 8
1 4823
1 5122
1 1774
1 397
1 2284
1 6178
1 175
1 10311
1 3992
1 4267
1 10389
1 8080
1 7503
1 69
1 1158
1 4173
1 131
1 2552
1 47
1 4402
1 3036
1 8027
1 2345
1 8049
1 204
1 3274
1 1185
1 745
1 4231
1 7828
1 1954
1 8410
1 2238
1 2160
1 8
1 8095
1 8100
1 2440
1 1955
1 884
1 8267
1 4346
1 3771
1 4087
1 438
1 887
1 3303
1 476
1 175
1 5928
1 600
1 2933
1 2286
1 2407
1 1336
1 6900
1 1566
1 134
1 784
1 67
1 4755
1 994
1 807
1 820
1 1714
1 2069
1 1376
1 2052
1 1678
1 10719
1 8473
1 9545
1 9180
1 302
1 5786
1 811
1 10721
1 8458
1 2609
1 2681
1 457
1 702
1 6470
1 8281
1 818
1 1444
1 8333
1 1654
1 8441
1 7661
1 2546
1 9809
1 3214
1 604
1 522
1 9113
1 221
1 1047
1 1142
1 29
1 749
1 2519
1 9614
1 4991
1 1023
1 484
1 413
1 9603
1 727
1 2551
1 351
1 481
1 3904
1 2294
1 8608
1 9178
1 534
1 2238
1 1527
1 325
1 1634
1 8369
1 7584
1 4743
1 1965
1 433
1 389
1 9025
1 10146
1 7762
1 830
1 289
1 1142
1 1253
1 959
1 498
1 2333
1 8336
1 1686
1 991
1 742
1 1897
1 729
1 2601
1 4823
1 865
1 2283
1 5696
1 3470
1 4232
1 4402
1 2465
1 1671
1 5086
1 1675
1 3878
1 2336
1 366
1 7267
1 913
1 1967
1 910
1 2533
1 337
1 484
1 1112
1 6879
1 3247
1 9645
1 10725
1 4350
1 5869
1 437
1 6029
1 433
1 9828
1 717
1 2565
1 10794
1 1594
1 734
1 4183
1 4337
1 3560
1 2679
1 1176
1 1081
1 714
1 3889
1 7567
1 534
1 248
1 493
1 412
1 9744
1 2437
1 2320
1 6856
1 9244
1 4669
1 5847
1 208
1 8987
1 709
1 171
1 474
1 709
1 4316
1 484
1 228
1 10678
1 7267
1 8060
1 412
1 3542
1 7673
1 2005
1 891
1 3327
1 1385
1 59
1 3272
1 457
1 10001
1 9737
1 2238
1 5680
1 3384
1 6437
1 1690
1 1793
1 1696
1 5852
1 1991
1 3435
1 5846
1 10455
1 820
1 1003
1 1693
1 4008
1 1092
1 7170
1 5696
1 158
1 7255
1 4866
1 337
1 315
1 1686
1 1252
1 8656
1 1178
1 3125
1 1686
1 129
1 7823
1 3313
1 10228
1 8607
1 3895
1 228
1 813
1 4031
1 336
1 442
1 10193
1 3799
1 3371
1 3928
1 4958
1 7989
1 1058
1 364
1 391
1 9240
1 3228
1 799
1 8356
1 3864
1 2981
1 31
1 2149
1 10498
1 2988
1 1172
1 1570
1 4364
1 4539
1 4582
1 158
1 387
1 3319
1 3929
1 214
1 2455
1 2485
1 2381
1 2577
1 8209
1 5435
1 6049
1 10061
1 3094
1 3776
1 65
1 1555
1 2196
1 3598
1 10599
1 789
1 486
1 2235
1 433
1 3319
1 820
1 5847
1 221
1 1863
1 221
1 5830
1 5261
1 8467
1 3335
1 2467
1 441
1 5824
1 364
1 3598
1 711
1 2512
1 8353
1 1122
1 1137
1 2281
1 6946
1 10257
1 4422
1 450
1 10170
1 1193
1 3587
1 816
1 8413
1 988
1 439
1 10293
1 476
1 3288
1 709
1 3125
1 7202
1 10763
1 8440
1 929
1 2395
1 2780
1 280
1 4960
1 6870
1 1638
1 5400
1 592
1 819
1 201
1 1472
1 2577
1 3030
1 8640
1 8923
1 909
1 3315
1 45
1 435
1 65
1 1963
1 7039
1 887
1 472
1 2485
1 1780
1 6940
1 2969
1 3247
1 460
1 8095
1 1685
1 371
1 77
1 412
1 2426
1 181
1 442
1 4303
1 448
1 1972
1 2376
1 443
1 2419
1 10302
1 802
1 4352
1 6284
1 10209
1 191
1 154
1 3903
1 6878
1 715
1 319
1 460
1 7194
1 450
1 4960
1 709
1 443
1 1690
1 2679
1 311
1 2238
1 3684
1 2379
1 985
1 9733
1 1176
1 8430
1 9119
1 10763
1 5513
1 9729
1 484
1 457
1 3327
1 10579
1 5036
1 3655
1 76
1 4244
1 985
1 5876
1 6788
1 3503
1 9652
1 442
1 468
1 468
1 2598
1 1639
1 10790
1 6423
1 7663
1 5691
1 2551
1 355
1 3401
1 10189
1 3340
1 4350
1 447
1 8675
1 2437
1 472
1 819
1 7601
1 8616
1 3725
1 200
1 8
1 9506
1 460
1 1630
1 3872
1 718
1 8113
1 210
1 274
1 9525
1 9826
1 6789
1 534
1 7548
1 325
1 8812
1 8508
1 2407
1 2952
1 450
1 4552
1 366
1 7570
1 6633
1 128
1 3326
1 5847
1 2386
1 5982
1 3656
1 1176
1 1900
1 4960
1 10246
1 2420
1 5829
1 3549
1 364
1 881
1 3386
1 7453
1 3987
1 5193
1 4823
1 3124
1 442
1 851
1 492
1 3781
1 9721
1 782
1 855
1 9741
1 5450
1 184
1 1651
1 7602
1 3449
1 1111
1 8329
1 1971
1 1992
1 1774
1 9613
1 2514
1 1967
1 3732
1 5450
1 4279
1 4649
1 1393
1 364
1 8650
1 718
1 2653
1 2482
1 6846
1 4335
1 1570
1 6089
1 311
1 994
1 2426
1 498
1 1305
1 486
1 152
1 4402
1 5695
1 889
1 1278
1 858
1 2284
1 3335
1 4992
1 8987
1 1501
1 1452
1 2290
1 125
1 1590
1 3125
1 433
1 9651
1 1896
1 2297
1 818
1 2739
1 491
1 9138
1 1901
1 776
1 391
1 6417
1 484
1 3850
1 10761
1 2951
1 3781
1 830
1 9112
1 9360
1 984
1 8858
1 2682
1 1644
1 740
1 785
1 7245
1 3034
1 8702
1 8052
1 2040
1 454
1 175
1 2162
1 1724
1 4499
1 262
1 10572
1 448
1 2263
1 853
1 2330
1 8444
1 3487
1 10196
1 2564
1 228
1 10525
1 3898
1 2885
1 2290
1 481
1 2283
1 3539
1 847
1 450
1 175
1 4566
1 134
1 1959
1 1774
1 3313
1 4310
1 4402
1 3262
1 8469
1 285
1 8144
1 1667
1 879
1 2129
1 1994
1 203
1 1097
1 3645
1 572
1 2334
1 8033
1 2320
1 3780
1 210
1 10146
1 491
1 9789
1 10324
1 802
1 9590
1 4231
1 839
1 2048
1 30
1 3550
1 8388
1 2540
1 2128
1 3217
1 2010
1 2172
1 3247
1 2552
1 1171
1 450
1 5382
1 201
1 1774
1 3132
1 2651
1 2485
1 732
1 8811
1 9881
1 5784
1 9520
1 4912
1 3148
1 2283
1 2573
1 468
1 745
1 4319
1 9040
1 7658
1 457
1 1971
1 65
1 2144
1 2431
1 849
1 7506
1 2278
1 7766
1 1438
1 10148
1 6463
1 9269
1 3772
1 2485
1 1688
1 9121
1 291
1 10011
1 9591
1 1176
1 7788
1 433
1 8646
1 7465
1 9360
1 483
1 446
1 2485
1 2294
1 839
1 3539
1 5525
1 5154
1 468
1 2471
1 468
1 6437
1 1976
1 4250
1 2009
1 243
1 2426
1 2928
1 3313
1 1774
1 413
1 45
1 3535
1 343
1 534
1 2347
1 7693
1 184
1 446
1 3326
1 8056
1 1289
1 7036
1 4925
1 3170
1 4616
1 4366
1 10256
1 458
1 4672
1 5843
1 1109
1 291
1 7790
1 1653
1 6538
1 3335
1 4234
1 1109
1 3036
1 5824
1 1783
1 281
1 7996
1 8469
1 4880
1 6055
1 5276
1 3824
1 3501
1 490
1 4364
1 726
1 7957
1 22
1 7405
1 890
1 2353
1 2278
1 3744
1 3322
1 2405
1 154
1 3330
1 1675
1 46
1 5094
1 1980
1 9734
1 3036
1 175
1 3778
1 3216
1 2589
1 830
1 7678
1 4245
1 1433
1 9894
1 3303
1 5086
1 3266
1 4673
1 2983
1 4880
1 728
1 3992
1 337
1 412
1 371
1 119
1 8631
1 2287
1 1197
1 6829
1 1185
1 9577
1 6878
1 3720
1 8717
1 5251
1 8485
1 30
1 8370
1 2986
1 1850
1 3894
1 2294
1 412
1 226
1 490
1 8303
1 2427
1 865
1 9591
1 3105
1 3022
1 2546
1 1974
1 8923
1 719
1 77
1 9121
1 1922
1 9518
1 3331
1 4350
1 3796
1 262
1 4205
1 3193
1 462
1 1199
1 10649
1 6106
1 7788
1 2679
1 7667
1 1112
1 1395
1 880
1 2423
1 304
1 785
1 744
1 24
1 8136
1 770
1 3697
1 3551
1 9885
1 3679
1 1684
1 3105
1 3880
1 6878
1 8469
1 801
1 10723
1 864
1 1583
1 6707
1 5877
1 7749
1 1688
1 8808
1 4398
1 4644
1 3245
1 446
1 44
1 3601
1 6029
1 8706
1 600
1 7474
1 2430
1 76
1 2052
1 5612
1 727
1 424
1 8923
1 7408
1 158
1 8923
1 9950
1 1958
1 848
1 10678
1 8324
1 5274
1 3302
1 9534
1 788
1 3923
1 3085
1 2173
1 1715
1 802
1 3604
1 2083
1 2286
1 2175
1 3331
1 2946
1 1993
1 258
1 10193
1 7570
1 1568
1 5621
1 3296
1 1613
1 362
1 802
1 8092
1 2671
1 1176
1 4992
1 345
1 2471
1 300
1 484
1 2983
1 4296
1 1631
1 845
1 7034
1 45
1 2422
1 709
1 2328
1 3389
1 8676
1 2134
1 3050
1 62
1 69
1 2396
1 8702
1 1303
1 491
1 498
1 8632
1 1975
1 6894
1 7511
1 6632
1 9620
1 489
1 6747
1 3030
1 454
1 1458
1 9651
1 1397
1 6301
1 9721
1 446
1 441
1 10103
1 4452
1 2160
1 476
1 724
1 5413
1 31
1 8503
1 181
1 9591
1 5840
1 3522
1 2968
1 3334
1 5683
1 1590
1 9411
1 8958
1 8545
1 1914
1 7279
1 7769
1 6708
1 448
1 881
1 872
1 10065
1 313
1 2540
1 892
1 2687
1 3448
1 364
1 2647
1 2825
1 2052
1 5514
1 7584
1 881
1 8674
1 8440
1 3067
1 853
1 3086
1 704
1 5140
1 8634
1 705
1 9789
1 2376
1 4420
1 6907
1 3335
1 9070
1 76
1 2112
1 450
1 88
1 8074
1 2238
1 4315
1 3555
1 8408
1 5696
1 4751
1 776
1 3981
1 9025
1 1684
1 62
1 864
1 855
1 78
1 6714
1 448
1 10350
1 1190
1 5191
1 6383
1 7586
1 8455
1 360
1 320
1 2238
1 481
1 4552
1 2238
1 206
1 194
1 10554
1 468
1 7589
1 3601
1 2385
1 3293
1 899
1 5825
1 5859
1 3448
1 3330
1 8702
1 10199
1 2238
1 2463
1 450
1 202
1 1501
1 9067
1 490
1 818
1 8923
1 3192
1 707
1 6995
1 178
1 845
1 8349
1 851
1 352
1 723
1 858
1 4588
1 181
1 191
1 807
1 1899
1 1995
1 1520
1 845
1 2401
1 9181
1 2469
1 221
1 299
1 3657
1 185
1 226
1 8612
1 3782
1 433
1 3187
1 909
1 830
1 752
1 460
1 7466
1 585
1 5846
1 786
1 432
1 2284
1 1444
1 378
1 4350
1 388
1 311
1 2160
1 22
1 450
1 8414
1 2231
1 2573
1 8033
1 1493
1 3340
1 8860
1 2238
1 516
1 7040
1 2437
1 521
1 9356
1 2158
1 7732
1 709
1 783
1 529
1 3325
1 457
1 8706
1 45
1 134
1 3675
1 6192
1 336
1 1073
1 974
1 457
1 158
1 4009
1 956
1 4755
1 3776
1 881
1 2281
1 1675
1 3604
1 10719
1 865
1 2109
1 2126
1 366
1 3872
1 3451
1 1097
1 3197
1 391
1 2538
1 2396
1 3320
1 2293
1 2172
1 289
1 3245
1 8
1 1193
1 2043
1 8135
1 2435
1 843
1 709
1 10678
1 7693
1 955
1 2435
1 3258
1 1190
1 9414
1 1975
1 24
1 5694
1 2969
1 2381
1 5621
1 1900
1 1703
1 3389
1 7693
1 2437
1 5702
1 2238
1 457
1 729
1 4362
1 171
1 785
1 1185
1 3541
1 7018
1 433
1 524
1 1984
1 8211
1 244
1 5770
1 6702
1 167
1 3576
1 3810
1 443
1 2103
1 832
1 7693
1 2179
1 1342
1 9787
1 1724
1 8375
1 490
1 1690
1 8418
1 8483
1 4268
1 1433
1 148
1 30
1 490
1 2238
1 9517
1 364
1 6008
1 6084
1 585
1 9825
1 2082
1 3207
1 1901
1 2293
1 3988
1 3419
1 9107
1 5821
1 3539
1 1466
1 2144
1 4649
1 4229
1 412
1 3272
1 193
1 442
1 5861
1 10516
1 3032
1 1715
1 5333
1 7584
1 304
1 88
1 30
1 31
1 4982
1 4062
1 9801
1 362
1 3022
1 158
1 709
1 8370
1 6173
1 2938
1 858
1 3441
1 6503
1 2436
1 3577
1 3168
1 2513
1 6081
1 3170
1 10149
1 709
1 2579
1 1685
1 3380
1 7693
1 3303
1 4517
1 2004
1 2441
1 3560
1 8060
1 3684
1 3532
1 8033
1 5261
1 3560
1 9181
1 853
1 1684
1 4517
1 2403
1 2457
1 3419
1 7693
1 3447
1 3411
1 1684
1 3303
1 775
1 2601
1 9214
1 425
1 8772
1 1957
1 4741
1 1421
1 2147
1 3060
1 1185
1 2486
1 3561
1 386
1 4752
1 4408
1 6714
1 9589
1 4869
1 10255
1 3431
1 1527
1 2540
1 705
1 3677
1 2158
1 2928
1 3138
1 980
1 4220
1 867
1 726
1 2421
1 777
1 4737
1 2413
1 300
1 8863
1 4725
1 3262
1 3956
1 7227
1 8819
1 3335
1 2596
1 2011
1 3923
1 1566
1 8741
1 1953
1 4402
1 2173
1 2135
1 3141
1 3340
1 3221
1 1715
1 7921
1 789
1 10799
1 3580
1 1705
1 2990
1 3301
1 412
1 3515
1 10656
1 3331
1 9680
1 8272
1 7567
1 131
1 6702
1 9121
1 1379
1 304
1 1305
1 4087
1 1685
1 8303
1 1884
1 7819
1 2327
1 2934
1 8963
1 2577
1 3810
1 729
1 2341
1 980
1 428
1 7004
1 2465
1 323
1 381
1 2297
1 4811
1 1850
1 1901
1 3272
1 9236
1 2485
1 9611
1 10101
1 3204
1 2283
1 2515
1 2457
1 490
1 806
1 8617
1 2561
1 1685
1 2176
1 816
1 10150
1 1675
1 5843
1 7740
1 1973
1 1664
1 1688
1 490
1 1176
1 837
1 3316
1 890
1 1327
1 4131
1 893
1 413
1 364
1 30
1 816
1 9648
1 2040
1 709
1 4156
1 8858
1 10576
1 368
1 4669
1 1692
1 1961
1 804
1 5852
1 6733
1 450
1 3992
1 7693
1 4527
1 3781
1 1397
1 329
1 4034
1 8640
1 908
1 3247
1 483
1 176
1 160
1 4378
1 449
1 2069
1 906
1 7389
1 1329
1 802
1 1092
1 301
1 7197
1 1113
1 2482
1 7996
1 5361
1 1951
1 3913
1 7389
1 940
1 843
1 830
1 4639
1 3528
1 1420
1 1984
1 5782
1 7983
1 8376
1 4960
1 5937
1 10767
1 3287
1 813
1 3747
1 4744
1 642
1 5696
1 3587
1 10626
1 457
1 5979
1 776
1 3930
1 2048
1 10355
1 517
1 184
1 9652
1 3062
1 9181
1 256
1 2485
1 484
1 8761
1 386
1 1539
1 1120
1 709
1 285
1 4812
1 772
1 2946
1 136
1 4251
1 750
1 2166
1 8272
1 364
1 2455
1 9894
1 3068
1 5369
1 2283
1 4197
1 2396
1 5433
1 730
1 5517
1 3727
1 709
1 9897
1 8883
1 441
1 6510
1 202
1 77
1 391
1 173
1 30
1 1455
1 2399
1 4644
1 338
1 1605
1 5435
1 4041
1 446
1 131
1 3740
1 3096
1 6247
1 4578
1 3159
1 478
1 6197
1 2485
1 2579
1 1570
1 9830
1 10009
1 853
1 3448
1 3568
1 891
1 1688
1 193
1 849
1 474
1 5687
1 94
1 2320
1 257
1 2991
1 129
1 6714
1 4751
1 464
1 7601
1 4697
1 3074
1 8492
1 10391
1 2225
1 727
1 4521
1 3652
1 2043
1 274
1 2160
1 6908
1 819
1 813
1 8494
1 3721
1 7896
1 2487
1 6498
1 366
1 1090
1 4669
1 988
1 6052
1 10516
1 9360
1 88
1 1627
1 6423
1 3505
1 4751
1 2395
1 8049
1 88
1 2120
1 1385
1 3256
1 2348
1 6636
1 7043
1 9181
1 2160
1 7267
1 3263
1 202
1 8545
1 1719
1 879
1 5786
1 4960
1 711
1 6630
1 1774
1 8092
1 1568
1 5581
1 152
1 4924
1 4248
1 2283
1 301
1 43
1 6310
1 7597
1 6900
1 3725
1 49
1 7859
1 2929
1 6113
1 4823
1 7496
1 8663
1 9803
1 3238
1 5696
1 9145
1 948
1 9585
1 2442
1 807
1 230
1 9924
1 3105
1 1717
1 9181
1 9614
1 3493
1 3447
1 6242
1 1717
1 5434
1 6900
1 891
1 752
1 492
1 857
1 1190
1 3429
1 7245
1 64
1 2041
1 6579
1 2244
1 8100
1 736
1 2462
1 2539
1 1327
1 72
1 1233
1 9236
1 7224
1 6386
1 3598
1 853
1 3141
1 2485
1 6008
1 311
1 355
1 9121
1 4669
1 8430
1 2297
1 3988
1 1305
1 2437
1 468
1 281
1 312
1 153
1 2599
1 3029
1 1822
1 223
1 2928
1 1585
1 3010
1 4960
1 4365
1 9121
1 2455
1 2160
1 285
1 8388
1 1114
1 3456
1 10118
1 433
1 4912
1 8169
1 7724
1 8486
1 812
1 62
1 1327
1 2464
1 3581
1 3747
1 3325
1 2984
1 2069
1 692
1 341
1 894
1 4335
1 1688
1 304
1 745
1 8104
1 10113
1 2238
1 7267
1 728
1 9645
1 5915
1 1643
1 752
1 221
1 2894
1 850
1 4001
1 10724
1 1058
1 8388
1 450
1 717
1 448
1 9356
1 721
1 4866
1 8579
1 1993
1 4869
1 2377
1 195
1 5624
1 484
1 158
1 534
1 2521
1 9075
1 210
1 10193
1 8092
1 3852
1 3111
1 8320
1 7029
1 819
1 9155
1 1459
1 5681
1 3105
1 802
1 484
1 10043
1 3096
1 988
1 29
1 7758
1 897
1 8863
1 9600
1 818
1 3123
1 909
1 6080
1 8108
1 1600
1 8890
1 1326
1 46
1 727
1 2472
1 9712
1 830
1 481
1 3682
1 2238
1 2448
1 3928
1 692
1 2327
1 300
1 7245
1 9515
1 4115
1 8454
1 274
1 3193
1 9181
1 5673
1 1276
1 129
1 142
1 2085
1 5845
1 2679
1 3824
1 1848
1 744
1 806
1 3233
1 4315
1 3766
1 10173
1 7267
1 3294
1 4156
1 8742
1 7502
1 884
1 3361
1 1684
1 7492
1 1790
1 279
1 9787
1 1044
1 2578
1 492
1 9963
1 5086
1 3928
1 134
1 10175
1 5447
1 67
1 1162
1 300
1 2054
1 446
1 364
1 6788
1 7267
1 2437
1 8272
1 1684
1 2176
1 3872
1 3301
1 5696
1 3355
1 7677
1 592
1 807
1 4668
1 2553
1 5937
1 521
1 1305
1 3397
1 9903
1 6278
1 4231
1 962
1 3824
1 2546
1 3600
1 3757
1 7466
1 323
1 887
1 7542
1 1158
1 2933
1 1774
1 2469
1 10777
1 1946
1 9144
1 2160
1 10617
1 908
1 6390
1 9621
1 484
1 5876
1 9112
1 788
1 4876
1 4363
1 726
1 5702
1 3062
1 203
1 1653
1 7268
1 7602
1 8476
1 366
1 793
1 911
1 775
1 3290
1 9179
1 10036
1 1901
1 154
1 492
1 529
1 10465
1 3036
1 4235
1 148
1 8656
1 7554
1 24
1 10610
1 2160
1 2678
1 433
1 1061
1 3497
1 709
1 6755
1 3134
1 3366
1 1709
1 737
1 8263
1 3794
1 2036
1 446
1 3592
1 2985
1 10407
1 3266
1 7678
1 2420
1 368
1 450
1 9244
1 4029
1 7916
1 2426
1 412
1 7473
1 2457
1 9121
1 10626
1 3742
1 2401
1 2565
1 8416
1 5012
1 414
1 785
1 802
1 484
1 3383
1 112
1 8370
1 4880
1 2521
1 784
1 8987
1 7640
1 3022
1 891
1 6876
1 4548
1 8199
1 476
1 832
1 729
1 3720
1 386
1 5845
1 9828
1 1385
1 7548
1 4751
1 1565
1 2440
1 148
1 9123
1 8772
1 4866
1 2873
1 508
1 1068
1 3679
1 3258
1 2162
1 891
1 4003
1 9617
1 906
1 1974
1 6626
1 366
1 54
1 460
1 1329
1 10189
1 858
1 2494
1 3219
1 4062
1 10246
1 4316
1 7736
1 6668
1 221
1 3228
1 10391
1 492
1 2431
1 3555
1 1028
1 446
1 2160
1 2441
1 2617
1 280
1 3301
1 1686
1 1507
1 772
1 8669
1 7185
1 8676
1 9961
1 5536
1 1613
1 1379
1 718
1 4737
1 819
1 8429
1 2504
1 69
1 1958
1 4348
1 3052
1 8388
1 5094
1 2010
1 9822
1 5409
1 5702
1 69
1 7548
1 4227
1 3677
1 914
1 8649
1 2140
1 8897
1 4737
1 735
1 8264
1 2689
1 891
1 8486
1 8857
1 311
1 8445
1 4402
1 3781
1 3333
1 2288
1 2471
1 4004
1 865
1 1583
1 1205
1 5696
1 6878
1 24
1 6878
1 2481
1 6081
1 7723
1 5937
1 2340
1 8134
1 443
1 3930
1 3697
1 490
1 4134
1 729
1 887
1 3568
1 5433
1 6284
1 718
1 887
1 3555
1 140
1 492
1 6028
1 432
1 3296
1 8084
1 1208
1 492
1 9172
1 864
1 727
1 481
1 1888
1 4733
1 1400
1 7763
1 4337
1 184
1 80
1 203
1 6417
1 4084
1 819
1 887
1 27
1 729
1 922
1 10065
1 10430
1 2421
1 4280
1 819
1 2401
1 1090
1 9208
1 751
1 468
1 9590
1 6884
1 8467
1 5937
1 6838
1 2278
1 2152
1 830
1 4362
1 1181
1 62
1 8842
1 2675
1 2611
1 478
1 8642
1 1224
1 8581
1 4539
1 3333
1 7673
1 737
1 2938
1 5837
1 5696
1 4080
1 311
1 600
1 433
1 5702
1 492
1 8486
1 1684
1 6779
1 289
1 6913
1 2540
1 891
1 2233
1 4430
1 397
1 767
1 2230
1 227
1 9161
1 3207
1 6107
1 2512
1 3038
1 194
1 4482
1 985
1 2149
1 5413
1 6054
1 3532
1 299
1 4204
1 1071
1 3660
1 3640
1 1568
1 319
1 2928
1 1021
1 3554
1 154
1 433
1 1024
1 3581
1 10293
1 3462
1 5338
1 10424
1 3330
1 446
1 2405
1 1774
1 7583
1 3084
1 177
1 484
1 214
1 30
1 914
1 773
1 9160
1 7813
1 2482
1 6733
1 10256
1 8064
1 10677
1 10089
1 9876
1 2196
1 1685
1 5409
1 9871
1 435
1 2326
1 1690
1 289
1 7567
1 6107
1 5696
1 2910
1 3470
1 412
1 3917
1 7780
1 2642
1 9611
1 3372
1 5460
1 9445
1 9651
1 7535
1 62
1 2734
1 5385
1 7016
1 3768
1 2160
1 10197
1 44
1 3036
1 490
1 858
1 2681
1 7594
1 175
1 3319
1 9359
1 8485
1 9349
1 853
1 2478
1 493
1 3839
1 7693
1 1693
1 549
1 7817
1 3522
1 3381
1 7586
1 1011
1 770
1 1720
1 433
1 3392
1 304
1 7673
1 1441
1 1329
1 1714
1 6718
1 3310
1 450
1 4684
1 10289
1 54
1 69
1 1973
1 2482
1 3126
1 7601
1 7678
1 79
1 3233
1 5636
1 521
1 8603
1 194
1 7584
1 163
1 476
1 744
1 221
1 1037
1 337
1 4910
1 490
1 9356
1 908
1 713
1 468
1 37
1 2577
1 7245
1 2429
1 718
1 5517
1 4054
1 5878
1 2933
1 312
1 10294
1 8200
1 5688
1 3485
1 4755
1 8321
1 10797
1 4250
1 7040
1 1097
1 5422
1 6360
1 2381
1 717
1 4644
1 4908
1 6706
1 3247
1 9617
1 181
1 254
1 9620
1 3911
1 125
1 3598
1 709
1 2678
1 10257
1 2054
1 4999
1 8125
1 2096
1 2238
1 3488
1 4578
1 7998
1 8459
1 3390
1 1902
1 1090
1 3866
1 1942
1 2073
1 709
1 845
1 2468
1 1522
1 10565
1 4539
1 10797
1 9523
1 490
1 8472
1 249
1 6084
1 9508
1 2378
1 304
1 3338
1 8627
1 9010
1 8355
1 534
1 442
1 4402
1 2427
1 7389
1 6900
1 702
1 869
1 9595
1 446
1 2353
1 2328
1 1068
1 228
1 1902
1 3776
1 88
1 468
1 3358
1 7018
1 2428
1 2283
1 793
1 4644
1 2431
1 2563
1 5068
1 3137
1 8443
1 4965
1 1195
1 1121
1 42
1 412
1 2401
1 767
1 3296
1 3371
1 6424
1 9025
1 3332
1 2043
1 9437
1 2391
1 4251
1 867
1 3923
1 6008
1 3983
1 1943
1 2481
1 8618
1 97
1 3318
1 2727
1 3697
1 412
1 1971
1 9520
1 7229
1 5937
1 6197
1 3148
1 5828
1 351
1 10678
1 461
1 3361
1 9498
1 1302
1 3403
1 3583
1 4101
1 476
1 1271
1 412
1 7556
1 43
1 3320
1 9728
1 9885
1 70
1 5847
1 3885
1 5405
1 775
1 468
1 927
1 3222
1 1936
1 3796
1 7018
1 4357
1 167
1 491
1 829
1 7009
1 2282
1 3541
1 2416
1 1783
1 9551
1 7776
1 3411
1 5847
1 3988
1 2577
1 8674
1 2011
1 2054
1 448
1 10148
1 80
1 841
1 2196
1 2051
1 1682
1 2609
1 3444
1 10455
1 10276
1 750
1 3534
1 3119
1 729
1 10779
1 5702
1 1727
1 8122
1 3766
1 3319
1 6838
1 433
1 8652
1 10310
1 988
1 2344
1 8200
1 2903
1 7279
1 1420
1 9828
1 63
1 185
1 2325
1 6630
1 9620
1 436
1 8199
1 5361
1 3657
1 9377
1 2513
1 441
1 201
1 9300
1 1184
1 2362
1 600
1 2133
1 5228
1 8545
1 468
1 2457
1 5995
1 202
1 3062
1 3577
1 9181
1 335
1 5352
1 3361
1 5344
1 9136
1 709
1 495
1 3999
1 243
1 289
1 9590
1 6714
1 10113
1 1682
1 446
1 600
1 117
1 78
1 3333
1 7052
1 3197
1 78
1 3264
1 10011
1 484
1 126
1 2435
1 4599
1 1684
1 3879
1 914
1 6507
1 30
1 9773
1 1220
1 382
1 3197
1 4752
1 151
1 4267
1 1162
1 450
1 7186
1 8639
1 5595
1 3494
1 2160
1 462
1 258
1 5907
1 2485
1 1037
1 1679
1 134
1 1682
1 3358
1 6791
1 427
1 3824
1 4000
1 77
1 9360
1 221
1 493
1 5413
1 2238
1 7259
1 228
1 7886
1 5194
1 775
1 7828
1 2184
1 5333
1 1686
1 9894
1 8693
1 3418
1 6823
1 3768
1 5148
1 4739
1 2565
1 2551
1 2485
1 484
1 3452
1 1614
1 8603
1 4422
1 2463
1 7573
1 69
1 820
1 441
1 215
1 2509
1 134
1 709
1 4054
1 7946
1 8741
1 8666
1 1613
1 7041
1 6995
1 67
1 163
1 4193
1 786
1 2559
1 909
1 6212
1 2463
1 325
1 820
1 9806
1 249
1 7056
1 1679
1 2124
1 134
1 847
1 6008
1 3186
1 116
1 365
1 2582
1 1444
1 1113
1 2241
1 7202
1 7567
1 443
1 7597
1 1685
1 2385
1 1714
1 528
1 4329
1 3127
1 1928
1 3919
1 343
1 4960
1 409
1 3727
1 887
1 131
1 7040
1 1446
1 894
1 682
1 7585
1 787
1 6008
1 3138
1 5831
1 491
1 2552
1 3952
1 9900
1 456
1 3022
1 2070
1 6252
1 8923
1 10265
1 8085
1 2986
1 1966
1 80
1 4874
1 9881
1 4999
1 215
1 1008
1 6995
1 2172
1 8420
1 819
1 3285
1 191
1 1631
1 299
1 3768
1 2570
1 4340
1 7052
1 9829
1 5843
1 709
1 304
1 713
1 3464
1 2426
1 789
1 748
1 5937
1 3878
1 7693
1 493
1 8923
1 2525
1 3338
1 535
1 3324
1 2320
1 5828
1 4913
1 9244
1 10565
1 1286
1 9365
1 2562
1 1424
1 7744
1 3950
1 5699
1 264
1 8639
1 2492
1 1208
1 30
1 1271
1 2431
1 1121
1 2401
1 3552
1 4737
1 2482
1 481
1 484
1 2427
1 5290
1 3322
1 5205
1 8666
1 366
1 9787
1 4741
1 2540
1 9026
1 3379
1 8632
1 2174
1 785
1 3313
1 3573
1 366
1 3290
1 4402
1 1684
1 9121
1 468
1 3781
1 6845
1 985
1 328
1 10283
1 2297
1 30
1 2399
1 457
1 481
1 2651
1 2512
1 88
1 9151
1 1458
1 289
1 1637
1 3663
1 4255
1 7584
1 412
1 6626
1 2139
1 8777
1 749
1 364
1 1769
1 2730
1 2537
1 806
1 1583
1 44
1 8671
1 9121
1 3116
1 410
1 72
1 9260
1 2476
1 5621
1 490
1 7837
1 8064
1 64
1 221
1 2238
1 2584
1 4615
1 5125
1 366
1 3100
1 80
1 335
1 8370
1 3426
1 167
1 2082
1 6652
1 10452
1 3244
1 5989
1 3887
1 25
1 448
1 69
1 483
1 456
1 10294
1 9356
1 3546
1 474
1 3403
1 178
1 2176
1 10737
1 8629
1 338
1 412
1 3692
1 901
1 1003
1 8294
1 4733
1 1396
1 10797
1 1459
1 72
1 10650
1 43
1 729
1 7584
1 3351
1 8855
1 1510
1 3535
1 5659
1 8495
1 3330
1 5148
1 2048
1 7535
1 1818
1 8464
1 437
1 351
1 4568
1 1185
1 1185
1 7597
1 7535
1 954
1 9522
1 210
1 337
1 740
1 729
1 3315
1 337
1 4632
1 9024
1 1455
1 1613
1 325
1 446
1 735
1 792
1 1679
1 3030
1 72
1 1995
1 5516
1 4912
1 3598
1 1111
1 1684
1 1607
1 302
1 292
1 503
1 2732
1 8656
1 522
1 44
1 1583
1 6630
1 770
1 1675
1 2053
1 3443
1 4409
1 960
1 8066
1 1302
1 10265
1 9359
1 6008
1 5514
1 1486
1 820
1 1176
1 462
1 3138
1 10061
1 2431
1 484
1 9901
1 9122
1 3457
1 2540
1 9612
1 3116
1 1642
1 450
1 1397
1 5098
1 2502
1 2070
1 3542
1 10257
1 7735
1 152
1 2290
1 306
1 3845
1 133
1 4585
1 429
1 490
1 9864
1 789
1 210
1 1954
1 9135
1 2412
1 9134
1 6838
1 534
1 3297
1 8417
1 1936
1 3545
1 8505
1 32
1 1520
1 210
1 2533
1 5027
1 5621
1 5619
1 4347
1 9522
1 1329
1 3033
1 6097
1 862
1 3236
1 769
1 2341
1 2052
1 2431
1 384
1 9793
1 1896
1 7602
1 5877
1 4860
1 8587
1 3820
1 411
1 10138
1 10677
1 6779
1 10379
1 9792
1 6636
1 1993
1 8437
1 3160
1 365
1 441
1 5612
1 1966
1 5772
1 8211
1 29
1 727
1 76
1 4299
1 8301
1 1181
1 450
1 5660
1 8740
1 2112
1 5514
1 2331
1 858
1 9581
1 1690
1 3113
1 1522
1 3868
1 1986
1 7035
1 2423
1 988
1 7676
1 2283
1 2405
1 6838
1 202
1 3148
1 1184
1 7693
1 3781
1 8436
1 9121
1 364
1 10430
1 7263
1 1444
1 5696
1 839
1 3960
1 8736
1 133
1 1199
1 206
1 4659
1 6747
1 10109
1 727
1 1854
1 3233
1 1934
1 492
1 9592
1 2164
1 72
1 433
1 2281
1 7668
1 909
1 2050
1 5433
1 5862
1 1940
1 3999
1 437
1 167
1 1637
1 1949
1 3141
1 4419
1 3207
1 8469
1 3301
1 8456
1 2435
1 5937
1 6423
1 71
1 2874
1 4787
1 8589
1 7673
1 3139
1 185
1 49
1 2386
1 2362
1 9811
1 719
1 2160
1 783
1 3999
1 2415
1 2246
1 347
1 2914
1 818
1 8414
1 2437
1 592
1 2144
1 7589
1 4644
1 1344
1 9083
1 8622
1 175
1 3293
1 491
1 200
1 4260
1 413
1 2514
1 1200
1 3668
1 3999
1 311
1 802
1 443
1 4452
1 772
1 2326
1 3505
1 1853
1 7813
1 9726
1 8087
1 4613
1 1906
1 522
1 923
1 7534
1 446
1 4408
1 4402
1 1185
1 1592
1 4955
1 490
1 715
1 9584
1 484
1 4960
1 10365
1 9041
1 2332
1 484
1 350
1 5693
1 5276
1 8513
1 1690
1 2238
1 468
1 4006
1 4937
1 472
1 2264
1 2572
1 433
1 911
1 3036
1 2579
1 1673
1 879
1 450
1 8399
1 7504
1 476
1 304
1 3598
1 4958
1 5702
1 8266
1 2423
1 857
1 711
1 10719
1 203
1 62
1 3516
1 304
1 9884
1 8736
1 984
1 6900
1 1934
1 8763
1 5699
1 10257
1 770
1 9222
1 872
1 3758
1 880
1 2320
1 9521
1 2143
1 5820
1 1510
1 3742
1 441
1 2457
1 294
1 163
1 1112
1 3778
1 397
1 7556
1 7693
1 10279
1 4269
1 44
1 3030
1 5611
1 9590
1 1774
1 680
1 3279
1 140
1 2551
1 2671
1 435
1 9819
1 433
1 9809
1 802
1 802
1 5517
1 3897
1 1285
1 313
1 36
1 2428
1 3272
1 5656
1 1568
1 1395
1 323
1 339
1 8417
1 522
1 374
1 3575
1 3363
1 2085
1 1967
1 792
1 476
1 45
1 953
1 2552
1 10797
1 7602
1 843
1 4202
1 9654
1 388
1 5840
1 1606
1 3999
1 1190
1 709
1 2986
1 3539
1 7001
1 1178
1 24
1 2534
1 837
1 3302
1 1239
1 2504
1 10719
1 3527
1 5276
1 7784
1 2482
1 776
1 8976
1 785
1 4751
1 64
1 3574
1 8587
1 7187
1 717
1 6132
1 9789
1 7261
1 8421
1 6625
1 2511
1 476
1 9614
1 903
1 10632
1 6894
1 2010
1 1097
1 8038
1 350
1 301
1 3852
1 7784
1 9702
1 5034
1 5036
1 2004
1 10208
1 10656
1 1030
1 3062
1 1458
1 2437
1 8926
1 9803
1 202
1 9080
1 3301
1 5086
1 5821
1 972
1 4820
1 7245
1 6840
1 2205
1 961
1 1193
1 4745
1 350
1 364
1 498
1 1806
1 10671
1 2538
1 204
1 743
1 4816
1 773
1 171
1 1507
1 4752
1 8720
1 1942
1 6883
1 492
1 4087
1 4430
1 221
1 702
1 7736
1 1090
1 2425
1 4357
1 1991
1 64
1 10599
1 9870
1 368
1 1524
1 9830
1 3141
1 1158
1 1286
1 1148
1 425
1 4242
1 78
1 5290
1 3313
1 1585
1 66
1 3141
1 3695
1 3136
1 203
1 1690
1 787
1 1961
1 818
1 3003
1 8414
1 9825
1 62
1 2621
1 3519
1 4236
1 1897
1 927
1 968
1 329
1 7535
1 1774
1 10508
1 1003
1 3138
1 8110
1 2448
1 3197
1 7904
1 955
1 3766
1 6900
1 311
1 2464
1 10671
1 2516
1 474
1 35
1 1686
1 80
1 2294
1 872
1 961
1 2160
1 8049
1 3319
1 783
1 6708
1 8653
1 3008
1 5862
1 3888
1 5424
1 7673
1 7774
1 521
1 3568
1 7156
1 8786
1 1458
1 3038
1 9540
1 3539
1 226
1 2422
1 1272
1 772
1 2316
1 5575
1 6884
1 299
1 3239
1 2158
1 802
1 54
1 6708
1 1514
1 2294
1 221
1 5600
1 3766
1 5937
1 8400
1 468
1 2585
1 2238
1 1097
1 858
1 1570
1 5018
1 198
1 10802
1 8333
1 412
1 7034
1 6877
1 380
1 709
1 221
1 10495
1 8331
1 3272
1 6619
1 1822
1 8301
1 3084
1 1673
1 692
1 9540
1 311
1 1313
1 7259
1 8545
1 2946
1 1590
1 2093
1 9790
1 191
1 5943
1 3285
1 2461
1 2482
1 365
1 9825
1 3368
1 4908
1 1176
1 7693
1 3085
1 2238
1 2730
1 1645
1 1420
1 2360
1 716
1 1693
1 3003
1 3170
1 289
1 2381
1 4041
1 887
1 5696
1 8304
1 3454
1 8581
1 5018
1 474
1 8894
1 3601
1 2334
1 193
1 3035
1 6417
1 1223
1 460
1 7670
1 296
1 24
1 3575
1 3358
1 1899
1 1289
1 1566
1 448
1 289
1 202
1 8429
1 1639
1 813
1 24
1 202
1 10779
1 3262
1 3336
1 442
1 4739
1 4779
1 9252
1 3781
1 7673
1 4242
1 4669
1 5517
1 860
1 119
1 93
1 221
1 1961
1 9825
1 206
1 714
1 727
1 215
1 4636
1 1447
1 30
1 4234
1 10192
1 8423
1 193
1 3096
1 5766
1 1200
1 3127
1 4613
1 5193
1 1605
1 5637
1 9130
1 10676
1 3055
1 3768
1 5571
1 4402
1 1907
1 2358
1 7191
1 443
1 824
1 203
1 9702
1 9121
1 5695
1 3960
1 7261
1 10143
1 3781
1 709
1 2903
1 3879
1 4309
1 2328
1 45
1 5876
1 813
1 319
1 7535
1 3992
1 2540
1 1555
1 9825
1 468
1 7255
1 8594
1 8
1 76
1 10172
1 1176
1 10280
1 2341
1 2327
1 3313
1 175
1 1973
1 3782
1 2160
1 864
1 8395
1 2927
1 9263
1 727
1 3575
1 2874
1 772
1 2361
1 861
1 718
1 414
1 1206
1 56
1 1734
1 2482
1 3435
1 30
1 9648
1 5536
1 4242
1 6902
1 1642
1 4251
1 5018
1 8486
1 728
1 6894
1 1685
1 10226
1 6995
1 1583
1 2328
1 2419
1 3191
1 2336
1 9527
1 468
1 7677
1 484
1 5766
1 868
1 218
1 2487
1 4869
1 336
1 167
1 6788
1 2141
1 3252
1 364
1 2480
1 7245
1 4316
1 8485
1 735
1 819
1 1915
1 911
1 448
1 4350
1 220
1 3665
1 4165
1 8419
1 5538
1 5122
1 3099
1 3429
1 1570
1 1208
1 350
1 287
1 498
1 10767
1 759
1 2534
1 3535
1 1684
1 2287
1 4329
1 1686
1 1121
1 10790
1 4422
1 2485
1 3175
1 3685
1 2398
1 4029
1 10307
1 1264
1 3105
1 5989
1 8624
1 2573
1 6340
1 1875
1 3331
1 5634
1 8644
1 2515
1 6900
1 4167
1 9787
1 8536
1 9792
1 492
1 988
1 3431
1 1685
1 492
1 9580
1 44
1 727
1 8720
1 50
1 1271
1 330
1 365
1 8808
1 10786
1 2349
1 10149
1 744
1 4378
1 2174
1 2379
1 10635
1 1639
1 2986
1 8890
1 3536
1 78
1 782
1 10274
1 890
1 1684
1 9360
1 1252
1 2420
1 1882
1 3228
1 43
1 6790
1 2054
1 3598
1 2634
1 3330
1 2165
1 1719
1 5113
1 226
1 742
1 1041
1 49
1 184
1 887
1 3767
1 413
1 1643
1 2969
1 767
1 9181
1 5507
1 134
1 1902
1 8188
1 869
1 3066
1 7135
1 8109
1 797
1 171
1 72
1 10286
1 3036
1 7823
1 9539
1 1688
1 8579
1 864
1 491
1 8426
1 1688
1 534
1 7597
1 988
1 956
1 3425
1 1679
1 468
1 424
1 9601
1 2008
1 22
1 221
1 786
1 4196
1 8367
1 6894
1 10146
1 5683
1 491
1 5535
1 5413
1 363
1 10786
1 9181
1 37
1 3959
1 9863
1 3824
1 4402
1 487
1 604
1 3036
1 736
1 8581
1 3197
1 749
1 7673
1 442
1 4738
1 1073
1 3600
1 221
1 1955
1 3296
1 3457
1 709
1 3318
1 1685
1 152
1 9880
1 2162
1 3092
1 2409
1 5806
1 3030
1 3257
1 2293
1 881
1 5516
1 1073
1 788
1 2112
1 7229
1 1590
1 9826
1 6153
1 7548
1 3481
1 4338
1 811
1 893
1 922
1 3469
1 9355
1 481
1 891
1 6629
1 1358
1 154
1 2268
1 3272
1 212
1 4280
1 69
1 3992
1 8631
1 9872
1 8775
1 4910
1 2479
1 1268
1 8668
1 718
1 2344
1 484
1 6708
1 2992
1 5487
1 789
1 6871
1 5143
1 5765
1 4227
1 3555
1 184
1 6779
1 7252
1 289
1 2469
1 4314
1 9603
1 9183
1 4315
1 4850
1 2540
1 3313
1 65
1 2069
1 717
1 4242
1 9303
1 891
1 37
1 8640
1 4335
1 3333
1 9787
1 6894
1 7141
1 1940
1 329
1 4866
1 2160
1 468
1 855
1 4539
1 717
1 167
1 7548
1 1218
1 2573
1 4956
1 9601
1 221
1 4431
1 1150
1 8520
1 3741
1 994
1 481
1 4241
1 572
1 8638
1 1199
1 10036
1 380
1 9525
1 5420
1 3176
1 2415
1 2107
1 364
1 1709
1 8331
1 2283
1 4613
1 5862
1 2986
1 7693
1 2176
1 909
1 2457
1 820
1 303
1 8640
1 734
1 9031
1 726
1 10273
1 2518
1 1008
1 8326
1 903
1 350
1 355
1 1239
1 2399
1 2405
1 2405
1 6792
1 224
1 457
1 1068
1 244
1 7972
1 1555
1 10193
1 5806
1 2669
1 724
1 3766
1 224
1 865
1 2120
1 989
1 9785
1 8742
1 908
1 6838
1 4224
1 775
1 3293
1 868
1 10293
1 740
1 1866
1 7204
1 256
1 820
1 2648
1 3539
1 489
1 813
1 4337
1 709
1 158
1 3036
1 62
1 3272
1 1592
1 3455
1 4482
1 2397
1 8494
1 65
1 4357
1 30
1 193
1 244
1 2427
1 8505
1 7927
1 3775
1 802
1 483
1 6886
1 490
1 93
1 2907
1 4350
1 4268
1 37
1 2463
1 3161
1 887
1 341
1 311
1 3445
1 901
1 9789
1 1180
1 3988
1 1115
1 828
1 3551
1 432
1 476
1 8434
1 5786
1 1233
1 789
1 9275
1 8858
1 2472
1 8324
1 2551
1 274
1 425
1 6962
1 1325
1 3462
1 2449
1 2542
1 9129
1 9872
1 683
1 364
1 10678
1 203
1 10703
1 131
1 3127
1 4402
1 9306
1 2482
1 3756
1 3272
1 1358
1 8402
1 3554
1 8499
1 6450
1 3050
1 1395
1 9141
1 3841
1 1325
1 9399
1 599
1 285
1 8076
1 8508
1 8359
1 1592
1 2481
1 828
1 1385
1 1459
1 709
1 1555
1 1994
1 6080
1 709
1 9181
1 6877
1 9789
1 2535
1 868
1 4029
1 9791
1 2153
1 8809
1 1112
1 955
1 438
1 4368
1 3675
1 1866
1 1438
1 2457
1 9519
1 1071
1 5447
1 3150
1 10799
1 30
1 4809
1 8436
1 8692
1 908
1 399
1 2366
1 9787
1 2427
1 716
1 728
1 2175
1 2991
1 3319
1 392
1 6044
1 4628
1 3168
1 738
1 3766
1 9521
1 743
1 2399
1 213
1 7385
1 366
1 6284
1 446
1 1902
1 200
1 6789
1 4644
1 6787
1 994
1 1684
1 2465
1 2054
1 4308
1 8788
1 460
1 8886
1 522
1 2326
1 750
1 4269
1 4235
1 2332
1 3744
1 3284
1 483
1 7693
1 2991
1 8640
1 604
1 2401
1 160
1 927
1 5649
1 3555
1 1918
1 8414
1 265
1 1557
1 312
1 8863
1 8842
1 888
1 9881
1 738
1 2176
1 5837
1 1934
1 5788
1 3666
1 2540
1 535
1 69
1 3138
1 476
1 9138
1 337
1 484
1 7753
1 481
1 6349
1 3857
1 10599
1 4329
1 1685
1 6080
1 5095
1 2405
1 1961
1 10391
1 3511
1 3119
1 351
1 6894
1 8584
1 6705
1 4988
1 3302
1 1162
1 777
1 9658
1 2085
1 9615
1 258
1 8618
1 4402
1 6892
1 2069
1 322
1 1158
1 5699
1 5435
1 4669
1 315
1 1021
1 3601
1 181
1 2950
1 3541
1 10723
1 10299
1 2398
1 2166
1 214
1 4383
1 4029
1 242
1 3372
1 9364
1 10365
1 1085
1 8479
1 4649
1 62
1 1896
1 7673
1 4912
1 1774
1 2416
1 339
1 845
1 4409
1 2482
1 4823
1 6732
1 522
1 7534
1 9130
1 3216
1 6262
1 1019
1 9789
1 3228
1 8629
1 777
1 4644
1 5693
1 468
1 851
1 776
1 2176
1 1491
1 5251
1 748
1 24
1 1783
1 9057
1 1425
1 863
1 3303
1 5299
1 3767
1 3124
1 9540
1 585
1 10146
1 3296
1 8272
1 390
1 92
1 862
1 9155
1 802
1 804
1 3521
1 4669
1 3549
1 2327
1 3313
1 355
1 289
1 4156
1 3052
1 985
1 3390
1 412
1 3583
1 2986
1 1393
1 7693
1 2545
1 2462
1 4202
1 1304
1 2735
1 492
1 2545
1 3245
1 9906
1 9119
1 345
1 7778
1 5526
1 7598
1 163
1 2442
1 5205
1 8923
1 3536
1 7941
1 721
1 498
1 2330
1 2277
1 1929
1 4698
1 1690
1 1181
1 3720
1 8469
1 158
1 351
1 4233
1 2283
1 1937
1 4192
1 9818
1 727
1 1779
1 2160
1 6840
1 197
1 10409
1 69
1 6132
1 2927
1 1054
1 958
1 9141
1 818
1 9963
1 1935
1 8092
1 461
1 3266
1 685
1 9181
1 5337
1 8308
1 8467
1 3132
1 5250
1 355
1 5341
1 2273
1 3315
1 2988
1 5680
1 4981
1 2238
1 5093
1 4721
1 6876
1 490
1 7543
1 884
1 2482
1 4269
1 1073
1 5859
1 5671
1 2658
1 1888
1 862
1 2485
1 435
1 468
1 2336
1 2595
1 214
1 1992
1 2469
1 5094
1 709
1 2347
1 3934
1 802
1 10353
1 441
1 2986
1 3992
1 3171
1 351
1 717
1 2589
1 2565
1 2907
1 435
1 7143
1 157
1 10021
1 3721
1 3300
1 5584
1 7172
1 984
1 3447
1 845
1 30
1 222
1 2330
1 4869
1 8650
1 9585
1 5516
1 4350
1 9607
1 8613
1 3375
1 1114
1 742
1 6823
1 366
1 5878
1 3256
1 731
1 68
1 906
1 1272
1 6907
1 7191
1 6383
1 2238
1 1774
1 7416
1 312
1 2449
1 177
1 1507
1 311
1 6178
1 2416
1 1708
1 709
1 828
1 1176
1 775
1 454
1 8388
1 8081
1 3763
1 8669
1 2133
1 4251
1 7267
1 3318
1 521
1 2585
1 365
1 168
1 8140
1 160
1 4035
1 1313
1 2323
1 927
1 3325
1 9650
1 364
1 7957
1 193
1 1190
1 1286
1 772
1 2669
1 3909
1 5063
1 2420
1 487
1 3269
1 490
1 4761
1 3397
1 3095
1 5106
1 311
1 1289
1 10294
1 707
1 6105
1 3327
1 1690
1 345
1 1967
1 1162
1 77
1 4268
1 8639
1 7202
1 991
1 8406
1 1190
1 3655
1 1907
1 3988
1 1090
1 718
1 6900
1 4248
1 1389
1 2172
1 7597
1 1339
1 5138
1 9222
1 5835
1 392
1 9181
1 1458
1 3319
1 996
1 2455
1 845
1 994
1 4997
1 9823
1 5696
1 1565
1 2327
1 22
1 88
1 8092
1 3440
1 3319
1 9504
1 9179
1 452
1 8651
1 48
1 3244
1 1555
1 592
1 8333
1 1391
1 6879
1 2679
1 786
1 6314
1 4204
1 1220
1 8655
1 4049
1 2732
1 4193
1 1899
1 7671
1 6364
1 8272
1 5424
1 5845
1 9494
1 994
1 8081
1 10455
1 3003
1 857
1 4908
1 7649
1 1684
1 339
1 77
1 3951
1 535
1 4337
1 9181
1 8649
1 8465
1 8567
1 4585
1 849
1 9236
1 24
1 4245
1 6637
1 125
1 4455
1 3022
1 7180
1 7584
1 713
1 8514
1 9119
1 2428
1 4735
1 709
1 435
1 468
1 4786
1 4319
1 3446
1 8536
1 9785
1 10040
1 76
1 2238
1 3094
1 7602
1 871
1 9356
1 8642
1 10599
1 3367
1 4160
1 2572
1 2284
1 244
1 65
1 534
1 1734
1 2139
1 3992
1 2399
1 9113
1 819
1 4644
1 7267
1 7775
1 427
1 9305
1 735
1 9847
1 80
1 212
1 2551
1 3598
1 2420
1 4402
1 10599
1 69
1 3330
1 2236
1 3295
1 2290
1 69
1 303
1 2502
1 843
1 5472
1 2509
1 4866
1 2944
1 813
1 955
1 3462
1 1514
1 7387
1 457
1 3335
1 1097
1 2482
1 24
1 491
1 8171
1 988
1 1444
1 4632
1 4378
1 8110
1 909
1 10808
1 893
1 4564
1 8
1 24
1 1466
1 4780
1 457
1 364
1 474
1 5120
1 4279
1 3592
1 8123
1 1975
1 1055
1 2469
1 7267
1 289
1 4632
1 9081
1 4644
1 742
1 1189
1 2457
1 446
1 808
1 5696
1 7693
1 908
1 5681
1 2485
1 492
1 1968
1 2010
1 1955
1 3992
1 2281
1 522
1 5656
1 5699
1 5767
1 1684
1 6252
1 3322
1 1555
1 8272
1 285
1 2405
1 4345
1 1033
1 8320
1 5098
1 7267
1 6840
1 2401
1 1466
1 6706
1 1003
1 858
1 338
1 8581
1 4806
1 8923
1 772
1 854
1 8100
1 4697
1 3901
1 749
1 6056
1 5680
1 374
1 10058
1 9356
1 3102
1 76
1 2434
1 450
1 8087
1 4319
1 3386
1 484
1 6878
1 4651
1 4304
1 820
1 858
1 3123
1 7791
1 9040
1 5132
1 400
1 7040
1 994
1 3781
1 5344
1 10387
1 1085
1 1684
1 768
1 7886
1 3191
1 450
1 2512
1 8520
1 1592
1 7043
1 4738
1 337
1 2679
1 2405
1 3074
1 9876
1 1047
1 4316
1 7779
1 2441
1 289
1 37
1 3448
1 2328
1 4872
1 9493
1 749
1 2103
1 468
1 374
1 2570
1 4223
1 4134
1 1637
1 7693
1 448
1 1897
1 3335
1 5683
1 5498
1 10641
1 724
1 5400
1 5458
1 865
1 707
1 8022
1 2293
1 7693
1 65
1 450
1 2519
1 10288
1 5621
1 1952
1 851
1 3261
1 988
1 1130
1 718
1 7161
1 2518
1 1097
1 2343
1 8354
1 9515
1 5068
1 1950
1 304
1 433
1 491
1 4822
1 7252
1 908
1 152
1 1987
1 2328
1 5649
1 7041
1 10653
1 362
1 4733
1 490
1 2462
1 364
1 2069
1 5840
1 860
1 4875
1 1090
1 455
1 1137
1 323
1 228
1 793
1 6020
1 9028
1 1400
1 455
1 440
1 4251
1 1945
1 3554
1 304
1 450
1 2471
1 5673
1 9308
1 1180
1 8624
1 954
1 3315
1 819
1 10526
1 178
1 7018
1 2405
1 2045
1 8066
1 8987
1 4859
1 788
1 989
1 30
1 4865
1 2548
1 820
1 4924
1 485
1 7036
1 1194
1 4735
1 1220
1 8488
1 3331
1 7813
1 1949
1 776
1 27
1 112
1 1198
1 141
1 1268
1 9518
1 8465
1 1718
1 1228
1 3296
1 604
1 10308
1 881
1 69
1 9790
1 4195
1 6894
1 4869
1 4294
1 1119
1 1942
1 3457
1 8417
1 446
1 2051
1 2504
1 2103
1 2986
1 802
1 7467
1 901
1 4866
1 1635
1 67
1 7674
1 3655
1 719
1 2230
1 7813
1 69
1 44
1 7599
1 9822
1 5417
1 10191
1 184
1 9418
1 448
1 429
1 5311
1 4636
1 8191
1 2326
1 8886
1 6635
1 2429
1 2482
1 4087
1 492
1 189
1 746
1 8326
1 858
1 6008
1 715
1 3035
1 534
1 476
1 441
1 3550
1 6181
1 1682
1 1266
1 9392
1 985
1 887
1 8212
1 7245
1 6822
1 534
1 2010
1 1444
1 3036
1 8737
1 492
1 3909
1 10072
1 216
1 5685
1 76
1 6733
1 2653
1 984
1 9876
1 9810
1 1003
1 2993
1 119
1 10255
1 1068
1 1642
1 3871
1 2398
1 2050
1 914
1 3324
1 7567
1 2464
1 8884
1 6097
1 2235
1 1613
1 3768
1 6851
1 8403
1 44
1 3781
1 2463
1 65
1 208
1 2176
1 2401
1 3289
1 2471
1 476
1 9079
1 10724
1 709
1 10107
1 2986
1 2509
1 7506
1 788
1 7819
1 7693
1 3780
1 891
1 7210
1 3191
1 3313
1 8477
1 953
1 2175
1 8434
1 490
1 4267
1 3999
1 2049
1 1683
1 8639
1 3036
1 751